Frequency (MHz)	|S(1,1)| : ParallelCircuit_Capacitive.$FPRJ
5000	1
5001	1
5002	1
5003	1
5004	1
5005	1
5006	1
5007	1
5008	1
5009	1
5010	1
5011	1
5012	1
5013	1
5014	1
5015	1
5016	1
5017	1
5018	1
5019	1
5020	1
5021	1
5022	1
5023	1
5024	1
5025	1
5026	1
5027	1
5028	1
5029	1
5030	1
5031	1
5032	1
5033	1
5034	1
5035	1
5036	1
5037	1
5038	1
5039	1
5040	1
5041	1
5042	1
5043	1
5044	1
5045	1
5046	1
5047	1
5048	1
5049	1
5050	1
5051	1
5052	1
5053	1
5054	1
5055	1
5056	1
5057	1
5058	1
5059	1
5060	1
5061	1
5062	1
5063	1
5064	1
5065	1
5066	1
5067	1
5068	1
5069	1
5070	1
5071	1
5072	1
5073	1
5074	1
5075	1
5076	1
5077	1
5078	1
5079	1
5080	1
5081	1
5082	1
5083	1
5084	1
5085	1
5086	1
5087	1
5088	1
5089	1
5090	1
5091	1
5092	1
5093	1
5094	1
5095	1
5096	1
5097	1
5098	1
5099	1
5100	1
5101	1
5102	1
5103	1
5104	1
5105	1
5106	1
5107	1
5108	1
5109	1
5110	1
5111	1
5112	1
5113	1
5114	1
5115	1
5116	1
5117	1
5118	1
5119	1
5120	1
5121	1
5122	1
5123	1
5124	1
5125	1
5126	1
5127	1
5128	1
5129	1
5130	1
5131	1
5132	1
5133	1
5134	1
5135	1
5136	1
5137	1
5138	1
5139	1
5140	1
5141	1
5142	1
5143	1
5144	1
5145	1
5146	1
5147	1
5148	1
5149	1
5150	1
5151	1
5152	1
5153	1
5154	1
5155	1
5156	1
5157	1
5158	1
5159	1
5160	1
5161	1
5162	1
5163	1
5164	1
5165	1
5166	1
5167	1
5168	1
5169	1
5170	1
5171	1
5172	1
5173	1
5174	1
5175	1
5176	1
5177	1
5178	1
5179	1
5180	1
5181	1
5182	1
5183	1
5184	1
5185	1
5186	1
5187	1
5188	1
5189	1
5190	1
5191	1
5192	1
5193	1
5194	1
5195	1
5196	1
5197	1
5198	1
5199	1
5200	1
5201	1
5202	1
5203	1
5204	1
5205	1
5206	1
5207	1
5208	1
5209	1
5210	1
5211	1
5212	1
5213	1
5214	1
5215	1
5216	1
5217	1
5218	1
5219	1
5220	1
5221	1
5222	1
5223	1
5224	1
5225	1
5226	1
5227	1
5228	1
5229	1
5230	1
5231	1
5232	1
5233	1
5234	1
5235	1
5236	1
5237	1
5238	1
5239	1
5240	1
5241	1
5242	1
5243	1
5244	1
5245	1
5246	1
5247	1
5248	1
5249	1
5250	1
5251	1
5252	1
5253	1
5254	1
5255	1
5256	1
5257	1
5258	1
5259	1
5260	1
5261	1
5262	1
5263	1
5264	1
5265	1
5266	1
5267	1
5268	1
5269	1
5270	1
5271	1
5272	1
5273	1
5274	1
5275	1
5276	1
5277	1
5278	1
5279	1
5280	1
5281	1
5282	1
5283	1
5284	1
5285	1
5286	1
5287	1
5288	1
5289	1
5290	1
5291	1
5292	1
5293	1
5294	1
5295	1
5296	1
5297	1
5298	1
5299	1
5300	1
5301	1
5302	1
5303	1
5304	1
5305	1
5306	1
5307	1
5308	1
5309	1
5310	1
5311	1
5312	1
5313	1
5314	1
5315	1
5316	1
5317	1
5318	1
5319	1
5320	1
5321	1
5322	1
5323	1
5324	1
5325	1
5326	1
5327	1
5328	1
5329	1
5330	1
5331	1
5332	1
5333	1
5334	1
5335	1
5336	1
5337	1
5338	1
5339	1
5340	1
5341	1
5342	1
5343	1
5344	1
5345	1
5346	1
5347	1
5348	1
5349	1
5350	1
5351	1
5352	1
5353	1
5354	1
5355	1
5356	1
5357	1
5358	1
5359	1
5360	1
5361	1
5362	1
5363	1
5364	1
5365	1
5366	1
5367	1
5368	1
5369	1
5370	1
5371	1
5372	1
5373	1
5374	1
5375	1
5376	1
5377	1
5378	1
5379	1
5380	1
5381	1
5382	1
5383	1
5384	1
5385	1
5386	1
5387	1
5388	1
5389	1
5390	1
5391	1
5392	1
5393	1
5394	1
5395	1
5396	1
5397	1
5398	1
5399	1
5400	1
5401	1
5402	1
5403	1
5404	1
5405	1
5406	1
5407	1
5408	1
5409	1
5410	1
5411	1
5412	1
5413	1
5414	1
5415	1
5416	1
5417	1
5418	1
5419	1
5420	1
5421	1
5422	1
5423	1
5424	1
5425	1
5426	1
5427	1
5428	1
5429	1
5430	1
5431	1
5432	1
5433	1
5434	1
5435	1
5436	1
5437	1
5438	1
5439	1
5440	1
5441	1
5442	1
5443	1
5444	1
5445	1
5446	1
5447	1
5448	1
5449	1
5450	1
5451	1
5452	1
5453	1
5454	1
5455	1
5456	1
5457	1
5458	1
5459	1
5460	1
5461	1
5462	1
5463	1
5464	1
5465	1
5466	1
5467	1
5468	1
5469	1
5470	1
5471	1
5472	1
5473	1
5474	1
5475	1
5476	1
5477	1
5478	1
5479	1
5480	1
5481	1
5482	1
5483	1
5484	1
5485	1
5486	1
5487	1
5488	1
5489	1
5490	1
5491	1
5492	1
5493	1
5494	1
5495	1
5496	1
5497	1
5498	1
5499	1
5500	1
5501	1
5502	1
5503	1
5504	1
5505	1
5506	1
5507	1
5508	1
5509	1
5510	1
5511	1
5512	1
5513	1
5514	1
5515	1
5516	1
5517	1
5518	1
5519	1
5520	1
5521	1
5522	1
5523	1
5524	1
5525	1
5526	1
5527	1
5528	1
5529	1
5530	1
5531	1
5532	1
5533	1
5534	1
5535	1
5536	1
5537	1
5538	1
5539	1
5540	1
5541	1
5542	1
5543	1
5544	1
5545	1
5546	1
5547	1
5548	1
5549	1
5550	1
5551	1
5552	1
5553	1
5554	1
5555	1
5556	1
5557	1
5558	1
5559	1
5560	1
5561	1
5562	1
5563	1
5564	1
5565	1
5566	1
5567	1
5568	1
5569	1
5570	1
5571	1
5572	1
5573	1
5574	1
5575	1
5576	1
5577	1
5578	1
5579	1
5580	1
5581	1
5582	1
5583	1
5584	1
5585	1
5586	1
5587	1
5588	1
5589	1
5590	1
5591	1
5592	1
5593	1
5594	1
5595	1
5596	1
5597	1
5598	1
5599	1
5600	1
5601	1
5602	1
5603	1
5604	1
5605	1
5606	1
5607	1
5608	1
5609	1
5610	1
5611	1
5612	1
5613	1
5614	1
5615	1
5616	1
5617	1
5618	1
5619	1
5620	1
5621	1
5622	1
5623	1
5624	1
5625	1
5626	1
5627	1
5628	1
5629	1
5630	1
5631	1
5632	1
5633	1
5634	1
5635	1
5636	1
5637	1
5638	1
5639	1
5640	1
5641	1
5642	1
5643	1
5644	1
5645	1
5646	1
5647	1
5648	1
5649	1
5650	1
5651	1
5652	1
5653	1
5654	1
5655	1
5656	1
5657	1
5658	1
5659	1
5660	1
5661	1
5662	1
5663	1
5664	1
5665	1
5666	1
5667	1
5668	1
5669	1
5670	1
5671	1
5672	1
5673	1
5674	1
5675	1
5676	1
5677	1
5678	1
5679	1
5680	1
5681	1
5682	1
5683	1
5684	1
5685	1
5686	1
5687	1
5688	1
5689	1
5690	1
5691	1
5692	1
5693	1
5694	1
5695	1
5696	1
5697	1
5698	1
5699	1
5700	1
5701	1
5702	1
5703	1
5704	1
5705	1
5706	1
5707	1
5708	1
5709	1
5710	1
5711	1
5712	1
5713	1
5714	1
5715	1
5716	1
5717	1
5718	1
5719	1
5720	1
5721	1
5722	1
5723	1
5724	1
5725	1
5726	1
5727	1
5728	1
5729	1
5730	1
5731	1
5732	1
5733	1
5734	1
5735	1
5736	1
5737	1
5738	1
5739	1
5740	1
5741	1
5742	1
5743	1
5744	1
5745	1
5746	1
5747	1
5748	1
5749	1
5750	1
5751	1
5752	1
5753	1
5754	1
5755	1
5756	1
5757	1
5758	1
5759	1
5760	1
5761	1
5762	1
5763	1
5764	1
5765	1
5766	1
5767	1
5768	1
5769	1
5770	1
5771	1
5772	1
5773	1
5774	1
5775	1
5776	1
5777	1
5778	1
5779	1
5780	1
5781	1
5782	1
5783	1
5784	1
5785	1
5786	1
5787	1
5788	1
5789	1
5790	1
5791	1
5792	1
5793	1
5794	1
5795	1
5796	1
5797	1
5798	1
5799	1
5800	1
5801	1
5802	1
5803	1
5804	1
5805	1
5806	1
5807	1
5808	1
5809	1
5810	1
5811	1
5812	1
5813	1
5814	1
5815	1
5816	1
5817	1
5818	1
5819	1
5820	1
5821	1
5822	1
5823	1
5824	1
5825	1
5826	1
5827	1
5828	1
5829	1
5830	1
5831	1
5832	1
5833	1
5834	1
5835	1
5836	1
5837	1
5838	1
5839	1
5840	1
5841	1
5842	1
5843	1
5844	1
5845	1
5846	1
5847	1
5848	1
5849	1
5850	1
5851	1
5852	1
5853	1
5854	1
5855	1
5856	1
5857	1
5858	1
5859	1
5860	1
5861	1
5862	1
5863	1
5864	1
5865	1
5866	1
5867	1
5868	1
5869	1
5870	1
5871	1
5872	1
5873	1
5874	1
5875	1
5876	1
5877	1
5878	1
5879	1
5880	1
5881	1
5882	1
5883	1
5884	1
5885	1
5886	1
5887	1
5888	1
5889	1
5890	1
5891	1
5892	1
5893	1
5894	1
5895	1
5896	1
5897	1
5898	1
5899	1
5900	1
5901	1
5902	1
5903	1
5904	1
5905	1
5906	1
5907	1
5908	1
5909	1
5910	1
5911	1
5912	1
5913	1
5914	1
5915	1
5916	1
5917	1
5918	1
5919	1
5920	1
5921	1
5922	1
5923	1
5924	1
5925	1
5926	1
5927	1
5928	1
5929	1
5930	1
5931	1
5932	1
5933	1
5934	1
5935	1
5936	1
5937	1
5938	1
5939	1
5940	1
5941	1
5942	1
5943	1
5944	1
5945	1
5946	1
5947	1
5948	1
5949	1
5950	1
5951	1
5952	1
5953	1
5954	1
5955	1
5956	1
5957	1
5958	1
5959	1
5960	1
5961	1
5962	1
5963	1
5964	1
5965	1
5966	1
5967	1
5968	1
5969	1
5970	1
5971	1
5972	1
5973	1
5974	1
5975	1
5976	1
5977	1
5978	1
5979	1
5980	1
5981	1
5982	1
5983	1
5984	1
5985	1
5986	1
5987	1
5988	1
5989	1
5990	1
5991	1
5992	1
5993	1
5994	1
5995	1
5996	1
5997	1
5998	1
5999	1
6000	1
6001	1
6002	1
6003	1
6004	1
6005	1
6006	1
6007	1
6008	1
6009	1
6010	1
6011	1
6012	1
6013	1
6014	1
6015	1
6016	1
6017	1
6018	1
6019	1
6020	1
6021	1
6022	1
6023	1
6024	1
6025	1
6026	1
6027	1
6028	1
6029	1
6030	1
6031	1
6032	1
6033	1
6034	1
6035	1
6036	1
6037	1
6038	1
6039	1
6040	1
6041	1
6042	1
6043	1
6044	1
6045	1
6046	1
6047	1
6048	1
6049	1
6050	1
6051	1
6052	1
6053	1
6054	1
6055	1
6056	1
6057	1
6058	1
6059	1
6060	1
6061	1
6062	1
6063	1
6064	1
6065	1
6066	1
6067	1
6068	1
6069	1
6070	1
6071	1
6072	1
6073	1
6074	1
6075	1
6076	1
6077	1
6078	1
6079	1
6080	1
6081	1
6082	1
6083	1
6084	1
6085	1
6086	1
6087	1
6088	1
6089	1
6090	1
6091	1
6092	1
6093	1
6094	1
6095	1
6096	1
6097	1
6098	1
6099	1
6100	1
6101	1
6102	1
6103	1
6104	1
6105	1
6106	1
6107	1
6108	1
6109	1
6110	1
6111	1
6112	1
6113	1
6114	1
6115	1
6116	1
6117	1
6118	1
6119	1
6120	1
6121	1
6122	1
6123	1
6124	1
6125	1
6126	1
6127	1
6128	1
6129	1
6130	1
6131	1
6132	1
6133	1
6134	1
6135	1
6136	1
6137	1
6138	1
6139	1
6140	1
6141	1
6142	1
6143	1
6144	1
6145	1
6146	1
6147	1
6148	1
6149	1
6150	1
6151	1
6152	1
6153	1
6154	1
6155	1
6156	1
6157	1
6158	1
6159	1
6160	1
6161	1
6162	1
6163	1
6164	1
6165	1
6166	1
6167	1
6168	1
6169	1
6170	1
6171	1
6172	1
6173	1
6174	1
6175	1
6176	1
6177	1
6178	1
6179	1
6180	1
6181	1
6182	1
6183	1
6184	1
6185	1
6186	1
6187	1
6188	1
6189	1
6190	1
6191	1
6192	1
6193	1
6194	1
6195	1
6196	1
6197	1
6198	1
6199	1
6200	1
6201	1
6202	1
6203	1
6204	1
6205	1
6206	1
6207	1
6208	1
6209	1
6210	1
6211	1
6212	1
6213	1
6214	1
6215	1
6216	1
6217	1
6218	1
6219	1
6220	1
6221	1
6222	1
6223	1
6224	0.999999
6225	0.999999
6226	0.999999
6227	0.999999
6228	0.999999
6229	0.999999
6230	0.999999
6231	0.999999
6232	0.999999
6233	0.999999
6234	0.999999
6235	0.999999
6236	0.999999
6237	0.999999
6238	0.999999
6239	0.999999
6240	0.999999
6241	0.999999
6242	0.999999
6243	0.999999
6244	0.999999
6245	0.999999
6246	0.999999
6247	0.999999
6248	0.999999
6249	0.999999
6250	0.999999
6251	0.999999
6252	0.999999
6253	0.999999
6254	0.999999
6255	0.999999
6256	0.999999
6257	0.999999
6258	0.999999
6259	0.999999
6260	0.999999
6261	0.999999
6262	0.999999
6263	0.999999
6264	0.999999
6265	0.999999
6266	0.999999
6267	0.999999
6268	0.999999
6269	0.999999
6270	0.999999
6271	0.999999
6272	0.999999
6273	0.999999
6274	0.999999
6275	0.999999
6276	0.999999
6277	0.999999
6278	0.999999
6279	0.999999
6280	0.999999
6281	0.999999
6282	0.999999
6283	0.999999
6284	0.999999
6285	0.999999
6286	0.999999
6287	0.999999
6288	0.999999
6289	0.999999
6290	0.999999
6291	0.999999
6292	0.999999
6293	0.999999
6294	0.999999
6295	0.999999
6296	0.999999
6297	0.999999
6298	0.999999
6299	0.999999
6300	0.999999
6301	0.999999
6302	0.999999
6303	0.999999
6304	0.999999
6305	0.999999
6306	0.999999
6307	0.999999
6308	0.999999
6309	0.999999
6310	0.999999
6311	0.999999
6312	0.999999
6313	0.999999
6314	0.999999
6315	0.999999
6316	0.999999
6317	0.999999
6318	0.999999
6319	0.999999
6320	0.999999
6321	0.999999
6322	0.999999
6323	0.999999
6324	0.999999
6325	0.999999
6326	0.999999
6327	0.999999
6328	0.999999
6329	0.999999
6330	0.999999
6331	0.999999
6332	0.999999
6333	0.999999
6334	0.999999
6335	0.999999
6336	0.999999
6337	0.999999
6338	0.999999
6339	0.999999
6340	0.999999
6341	0.999999
6342	0.999999
6343	0.999999
6344	0.999999
6345	0.999999
6346	0.999999
6347	0.999999
6348	0.999999
6349	0.999999
6350	0.999999
6351	0.999999
6352	0.999999
6353	0.999999
6354	0.999999
6355	0.999999
6356	0.999999
6357	0.999999
6358	0.999999
6359	0.999999
6360	0.999999
6361	0.999999
6362	0.999999
6363	0.999999
6364	0.999999
6365	0.999999
6366	0.999999
6367	0.999999
6368	0.999999
6369	0.999999
6370	0.999999
6371	0.999999
6372	0.999999
6373	0.999999
6374	0.999999
6375	0.999999
6376	0.999999
6377	0.999999
6378	0.999999
6379	0.999999
6380	0.999999
6381	0.999999
6382	0.999999
6383	0.999999
6384	0.999999
6385	0.999999
6386	0.999999
6387	0.999999
6388	0.999999
6389	0.999999
6390	0.999999
6391	0.999999
6392	0.999999
6393	0.999999
6394	0.999999
6395	0.999999
6396	0.999999
6397	0.999999
6398	0.999999
6399	0.999999
6400	0.999999
6401	0.999999
6402	0.999999
6403	0.999999
6404	0.999999
6405	0.999999
6406	0.999999
6407	0.999999
6408	0.999999
6409	0.999999
6410	0.999999
6411	0.999999
6412	0.999999
6413	0.999999
6414	0.999999
6415	0.999999
6416	0.999999
6417	0.999999
6418	0.999999
6419	0.999999
6420	0.999999
6421	0.999999
6422	0.999999
6423	0.999999
6424	0.999999
6425	0.999999
6426	0.999999
6427	0.999999
6428	0.999999
6429	0.999999
6430	0.999999
6431	0.999999
6432	0.999999
6433	0.999999
6434	0.999999
6435	0.999999
6436	0.999999
6437	0.999999
6438	0.999999
6439	0.999999
6440	0.999999
6441	0.999999
6442	0.999999
6443	0.999999
6444	0.999999
6445	0.999999
6446	0.999999
6447	0.999999
6448	0.999999
6449	0.999999
6450	0.999999
6451	0.999999
6452	0.999999
6453	0.999999
6454	0.999999
6455	0.999999
6456	0.999999
6457	0.999999
6458	0.999999
6459	0.999999
6460	0.999999
6461	0.999999
6462	0.999999
6463	0.999999
6464	0.999999
6465	0.999999
6466	0.999999
6467	0.999999
6468	0.999999
6469	0.999999
6470	0.999999
6471	0.999999
6472	0.999999
6473	0.999999
6474	0.999999
6475	0.999999
6476	0.999999
6477	0.999999
6478	0.999999
6479	0.999999
6480	0.999999
6481	0.999999
6482	0.999999
6483	0.999999
6484	0.999999
6485	0.999999
6486	0.999999
6487	0.999999
6488	0.999999
6489	0.999999
6490	0.999999
6491	0.999999
6492	0.999999
6493	0.999999
6494	0.999999
6495	0.999999
6496	0.999999
6497	0.999999
6498	0.999999
6499	0.999999
6500	0.999999
6501	0.999999
6502	0.999999
6503	0.999999
6504	0.999999
6505	0.999999
6506	0.999999
6507	0.999999
6508	0.999999
6509	0.999999
6510	0.999999
6511	0.999999
6512	0.999999
6513	0.999999
6514	0.999999
6515	0.999999
6516	0.999999
6517	0.999999
6518	0.999999
6519	0.999999
6520	0.999999
6521	0.999999
6522	0.999999
6523	0.999999
6524	0.999999
6525	0.999999
6526	0.999999
6527	0.999999
6528	0.999999
6529	0.999999
6530	0.999999
6531	0.999999
6532	0.999999
6533	0.999999
6534	0.999999
6535	0.999999
6536	0.999999
6537	0.999999
6538	0.999999
6539	0.999999
6540	0.999999
6541	0.999999
6542	0.999999
6543	0.999999
6544	0.999999
6545	0.999999
6546	0.999999
6547	0.999999
6548	0.999999
6549	0.999999
6550	0.999999
6551	0.999999
6552	0.999999
6553	0.999999
6554	0.999999
6555	0.999999
6556	0.999999
6557	0.999999
6558	0.999999
6559	0.999999
6560	0.999999
6561	0.999999
6562	0.999999
6563	0.999999
6564	0.999999
6565	0.999999
6566	0.999999
6567	0.999999
6568	0.999999
6569	0.999999
6570	0.999999
6571	0.999999
6572	0.999999
6573	0.999999
6574	0.999999
6575	0.999999
6576	0.999999
6577	0.999999
6578	0.999999
6579	0.999999
6580	0.999999
6581	0.999999
6582	0.999999
6583	0.999999
6584	0.999999
6585	0.999999
6586	0.999999
6587	0.999999
6588	0.999999
6589	0.999999
6590	0.999999
6591	0.999999
6592	0.999999
6593	0.999999
6594	0.999999
6595	0.999999
6596	0.999999
6597	0.999999
6598	0.999999
6599	0.999999
6600	0.999999
6601	0.999999
6602	0.999999
6603	0.999999
6604	0.999999
6605	0.999999
6606	0.999999
6607	0.999999
6608	0.999999
6609	0.999999
6610	0.999999
6611	0.999999
6612	0.999999
6613	0.999999
6614	0.999999
6615	0.999999
6616	0.999999
6617	0.999999
6618	0.999999
6619	0.999999
6620	0.999999
6621	0.999999
6622	0.999999
6623	0.999999
6624	0.999999
6625	0.999999
6626	0.999999
6627	0.999999
6628	0.999999
6629	0.999999
6630	0.999999
6631	0.999999
6632	0.999999
6633	0.999999
6634	0.999999
6635	0.999999
6636	0.999999
6637	0.999999
6638	0.999999
6639	0.999999
6640	0.999999
6641	0.999999
6642	0.999999
6643	0.999999
6644	0.999999
6645	0.999999
6646	0.999999
6647	0.999999
6648	0.999999
6649	0.999999
6650	0.999999
6651	0.999999
6652	0.999999
6653	0.999999
6654	0.999999
6655	0.999999
6656	0.999999
6657	0.999999
6658	0.999999
6659	0.999999
6660	0.999999
6661	0.999999
6662	0.999999
6663	0.999999
6664	0.999999
6665	0.999999
6666	0.999999
6667	0.999999
6668	0.999999
6669	0.999999
6670	0.999999
6671	0.999999
6672	0.999999
6673	0.999999
6674	0.999999
6675	0.999999
6676	0.999999
6677	0.999999
6678	0.999999
6679	0.999999
6680	0.999999
6681	0.999999
6682	0.999999
6683	0.999999
6684	0.999999
6685	0.999999
6686	0.999999
6687	0.999999
6688	0.999999
6689	0.999999
6690	0.999999
6691	0.999999
6692	0.999999
6693	0.999999
6694	0.999999
6695	0.999999
6696	0.999999
6697	0.999999
6698	0.999999
6699	0.999999
6700	0.999999
6701	0.999999
6702	0.999999
6703	0.999999
6704	0.999999
6705	0.999999
6706	0.999999
6707	0.999999
6708	0.999999
6709	0.999999
6710	0.999999
6711	0.999999
6712	0.999999
6713	0.999999
6714	0.999999
6715	0.999999
6716	0.999999
6717	0.999999
6718	0.999999
6719	0.999999
6720	0.999999
6721	0.999999
6722	0.999999
6723	0.999999
6724	0.999999
6725	0.999999
6726	0.999999
6727	0.999999
6728	0.999999
6729	0.999999
6730	0.999999
6731	0.999999
6732	0.999999
6733	0.999999
6734	0.999999
6735	0.999999
6736	0.999999
6737	0.999999
6738	0.999999
6739	0.999999
6740	0.999999
6741	0.999999
6742	0.999999
6743	0.999999
6744	0.999999
6745	0.999999
6746	0.999999
6747	0.999999
6748	0.999999
6749	0.999999
6750	0.999999
6751	0.999999
6752	0.999999
6753	0.999999
6754	0.999999
6755	0.999999
6756	0.999999
6757	0.999999
6758	0.999999
6759	0.999999
6760	0.999999
6761	0.999999
6762	0.999999
6763	0.999999
6764	0.999999
6765	0.999999
6766	0.999999
6767	0.999999
6768	0.999999
6769	0.999999
6770	0.999999
6771	0.999999
6772	0.999999
6773	0.999999
6774	0.999999
6775	0.999999
6776	0.999999
6777	0.999999
6778	0.999999
6779	0.999999
6780	0.999999
6781	0.999999
6782	0.999999
6783	0.999999
6784	0.999999
6785	0.999999
6786	0.999999
6787	0.999999
6788	0.999999
6789	0.999999
6790	0.999999
6791	0.999999
6792	0.999999
6793	0.999999
6794	0.999999
6795	0.999999
6796	0.999999
6797	0.999999
6798	0.999999
6799	0.999999
6800	0.999999
6801	0.999999
6802	0.999999
6803	0.999999
6804	0.999999
6805	0.999999
6806	0.999999
6807	0.999999
6808	0.999999
6809	0.999999
6810	0.999999
6811	0.999999
6812	0.999999
6813	0.999999
6814	0.999999
6815	0.999999
6816	0.999999
6817	0.999999
6818	0.999999
6819	0.999999
6820	0.999999
6821	0.999999
6822	0.999999
6823	0.999999
6824	0.999999
6825	0.999999
6826	0.999999
6827	0.999999
6828	0.999999
6829	0.999999
6830	0.999999
6831	0.999999
6832	0.999999
6833	0.999999
6834	0.999999
6835	0.999999
6836	0.999999
6837	0.999999
6838	0.999999
6839	0.999999
6840	0.999999
6841	0.999998
6842	0.999998
6843	0.999998
6844	0.999998
6845	0.999998
6846	0.999998
6847	0.999998
6848	0.999998
6849	0.999998
6850	0.999998
6851	0.999998
6852	0.999998
6853	0.999998
6854	0.999998
6855	0.999998
6856	0.999998
6857	0.999998
6858	0.999998
6859	0.999998
6860	0.999998
6861	0.999998
6862	0.999998
6863	0.999998
6864	0.999998
6865	0.999998
6866	0.999998
6867	0.999998
6868	0.999998
6869	0.999998
6870	0.999998
6871	0.999998
6872	0.999998
6873	0.999998
6874	0.999998
6875	0.999998
6876	0.999998
6877	0.999998
6878	0.999998
6879	0.999998
6880	0.999998
6881	0.999998
6882	0.999998
6883	0.999998
6884	0.999998
6885	0.999998
6886	0.999998
6887	0.999998
6888	0.999998
6889	0.999998
6890	0.999998
6891	0.999998
6892	0.999998
6893	0.999998
6894	0.999998
6895	0.999998
6896	0.999998
6897	0.999998
6898	0.999998
6899	0.999998
6900	0.999998
6901	0.999998
6902	0.999998
6903	0.999998
6904	0.999998
6905	0.999998
6906	0.999998
6907	0.999998
6908	0.999998
6909	0.999998
6910	0.999998
6911	0.999998
6912	0.999998
6913	0.999998
6914	0.999998
6915	0.999998
6916	0.999998
6917	0.999998
6918	0.999998
6919	0.999998
6920	0.999998
6921	0.999998
6922	0.999998
6923	0.999998
6924	0.999998
6925	0.999998
6926	0.999998
6927	0.999998
6928	0.999998
6929	0.999998
6930	0.999998
6931	0.999998
6932	0.999998
6933	0.999998
6934	0.999998
6935	0.999998
6936	0.999998
6937	0.999998
6938	0.999998
6939	0.999998
6940	0.999998
6941	0.999998
6942	0.999998
6943	0.999998
6944	0.999998
6945	0.999998
6946	0.999998
6947	0.999998
6948	0.999998
6949	0.999998
6950	0.999998
6951	0.999998
6952	0.999998
6953	0.999998
6954	0.999998
6955	0.999998
6956	0.999998
6957	0.999998
6958	0.999998
6959	0.999998
6960	0.999998
6961	0.999998
6962	0.999998
6963	0.999998
6964	0.999998
6965	0.999998
6966	0.999998
6967	0.999998
6968	0.999998
6969	0.999998
6970	0.999998
6971	0.999998
6972	0.999998
6973	0.999998
6974	0.999998
6975	0.999998
6976	0.999998
6977	0.999998
6978	0.999998
6979	0.999998
6980	0.999998
6981	0.999998
6982	0.999998
6983	0.999998
6984	0.999998
6985	0.999998
6986	0.999998
6987	0.999998
6988	0.999998
6989	0.999998
6990	0.999998
6991	0.999998
6992	0.999998
6993	0.999998
6994	0.999998
6995	0.999998
6996	0.999998
6997	0.999998
6998	0.999998
6999	0.999998
7000	0.999998
7001	0.999998
7002	0.999998
7003	0.999998
7004	0.999998
7005	0.999998
7006	0.999998
7007	0.999998
7008	0.999998
7009	0.999998
7010	0.999998
7011	0.999998
7012	0.999998
7013	0.999998
7014	0.999998
7015	0.999998
7016	0.999998
7017	0.999998
7018	0.999998
7019	0.999998
7020	0.999998
7021	0.999998
7022	0.999998
7023	0.999998
7024	0.999998
7025	0.999998
7026	0.999998
7027	0.999998
7028	0.999998
7029	0.999998
7030	0.999998
7031	0.999998
7032	0.999998
7033	0.999998
7034	0.999998
7035	0.999998
7036	0.999998
7037	0.999998
7038	0.999998
7039	0.999998
7040	0.999998
7041	0.999998
7042	0.999998
7043	0.999998
7044	0.999998
7045	0.999998
7046	0.999998
7047	0.999998
7048	0.999998
7049	0.999998
7050	0.999998
7051	0.999998
7052	0.999998
7053	0.999998
7054	0.999998
7055	0.999998
7056	0.999998
7057	0.999998
7058	0.999998
7059	0.999998
7060	0.999998
7061	0.999998
7062	0.999998
7063	0.999998
7064	0.999998
7065	0.999998
7066	0.999998
7067	0.999998
7068	0.999998
7069	0.999998
7070	0.999998
7071	0.999998
7072	0.999998
7073	0.999998
7074	0.999998
7075	0.999998
7076	0.999998
7077	0.999998
7078	0.999998
7079	0.999998
7080	0.999998
7081	0.999998
7082	0.999998
7083	0.999998
7084	0.999998
7085	0.999998
7086	0.999998
7087	0.999998
7088	0.999998
7089	0.999998
7090	0.999998
7091	0.999998
7092	0.999998
7093	0.999998
7094	0.999998
7095	0.999998
7096	0.999998
7097	0.999998
7098	0.999998
7099	0.999998
7100	0.999998
7101	0.999998
7102	0.999998
7103	0.999998
7104	0.999998
7105	0.999998
7106	0.999998
7107	0.999998
7108	0.999998
7109	0.999998
7110	0.999998
7111	0.999998
7112	0.999998
7113	0.999998
7114	0.999998
7115	0.999998
7116	0.999998
7117	0.999998
7118	0.999998
7119	0.999998
7120	0.999998
7121	0.999998
7122	0.999998
7123	0.999998
7124	0.999998
7125	0.999998
7126	0.999998
7127	0.999998
7128	0.999998
7129	0.999998
7130	0.999998
7131	0.999998
7132	0.999998
7133	0.999998
7134	0.999998
7135	0.999998
7136	0.999998
7137	0.999998
7138	0.999998
7139	0.999998
7140	0.999998
7141	0.999998
7142	0.999998
7143	0.999998
7144	0.999998
7145	0.999998
7146	0.999998
7147	0.999998
7148	0.999998
7149	0.999998
7150	0.999998
7151	0.999998
7152	0.999998
7153	0.999998
7154	0.999998
7155	0.999998
7156	0.999998
7157	0.999998
7158	0.999998
7159	0.999998
7160	0.999998
7161	0.999998
7162	0.999998
7163	0.999998
7164	0.999998
7165	0.999998
7166	0.999998
7167	0.999998
7168	0.999998
7169	0.999998
7170	0.999998
7171	0.999998
7172	0.999998
7173	0.999998
7174	0.999998
7175	0.999998
7176	0.999998
7177	0.999998
7178	0.999998
7179	0.999998
7180	0.999998
7181	0.999998
7182	0.999998
7183	0.999998
7184	0.999998
7185	0.999998
7186	0.999998
7187	0.999998
7188	0.999998
7189	0.999998
7190	0.999998
7191	0.999998
7192	0.999998
7193	0.999998
7194	0.999998
7195	0.999998
7196	0.999998
7197	0.999998
7198	0.999998
7199	0.999998
7200	0.999998
7201	0.999998
7202	0.999998
7203	0.999998
7204	0.999998
7205	0.999998
7206	0.999998
7207	0.999998
7208	0.999998
7209	0.999998
7210	0.999998
7211	0.999998
7212	0.999998
7213	0.999998
7214	0.999998
7215	0.999998
7216	0.999998
7217	0.999998
7218	0.999998
7219	0.999998
7220	0.999998
7221	0.999998
7222	0.999998
7223	0.999998
7224	0.999998
7225	0.999998
7226	0.999998
7227	0.999998
7228	0.999998
7229	0.999998
7230	0.999998
7231	0.999998
7232	0.999998
7233	0.999998
7234	0.999998
7235	0.999998
7236	0.999998
7237	0.999998
7238	0.999998
7239	0.999998
7240	0.999998
7241	0.999998
7242	0.999998
7243	0.999998
7244	0.999998
7245	0.999998
7246	0.999998
7247	0.999998
7248	0.999998
7249	0.999998
7250	0.999998
7251	0.999998
7252	0.999998
7253	0.999998
7254	0.999998
7255	0.999998
7256	0.999998
7257	0.999998
7258	0.999998
7259	0.999998
7260	0.999998
7261	0.999998
7262	0.999998
7263	0.999998
7264	0.999998
7265	0.999998
7266	0.999998
7267	0.999998
7268	0.999998
7269	0.999998
7270	0.999998
7271	0.999998
7272	0.999998
7273	0.999998
7274	0.999998
7275	0.999998
7276	0.999998
7277	0.999998
7278	0.999998
7279	0.999998
7280	0.999998
7281	0.999998
7282	0.999998
7283	0.999998
7284	0.999998
7285	0.999998
7286	0.999998
7287	0.999998
7288	0.999998
7289	0.999998
7290	0.999998
7291	0.999998
7292	0.999998
7293	0.999998
7294	0.999998
7295	0.999998
7296	0.999998
7297	0.999998
7298	0.999998
7299	0.999998
7300	0.999998
7301	0.999998
7302	0.999998
7303	0.999998
7304	0.999998
7305	0.999998
7306	0.999998
7307	0.999998
7308	0.999998
7309	0.999998
7310	0.999998
7311	0.999998
7312	0.999998
7313	0.999998
7314	0.999998
7315	0.999998
7316	0.999998
7317	0.999998
7318	0.999998
7319	0.999998
7320	0.999998
7321	0.999998
7322	0.999998
7323	0.999998
7324	0.999998
7325	0.999998
7326	0.999998
7327	0.999998
7328	0.999998
7329	0.999998
7330	0.999998
7331	0.999998
7332	0.999998
7333	0.999998
7334	0.999998
7335	0.999998
7336	0.999998
7337	0.999998
7338	0.999998
7339	0.999998
7340	0.999998
7341	0.999998
7342	0.999998
7343	0.999998
7344	0.999998
7345	0.999998
7346	0.999998
7347	0.999998
7348	0.999998
7349	0.999998
7350	0.999998
7351	0.999998
7352	0.999998
7353	0.999998
7354	0.999998
7355	0.999998
7356	0.999998
7357	0.999998
7358	0.999998
7359	0.999998
7360	0.999998
7361	0.999998
7362	0.999998
7363	0.999998
7364	0.999998
7365	0.999998
7366	0.999998
7367	0.999998
7368	0.999998
7369	0.999998
7370	0.999998
7371	0.999998
7372	0.999998
7373	0.999998
7374	0.999998
7375	0.999998
7376	0.999998
7377	0.999998
7378	0.999998
7379	0.999998
7380	0.999998
7381	0.999998
7382	0.999998
7383	0.999998
7384	0.999998
7385	0.999998
7386	0.999998
7387	0.999998
7388	0.999998
7389	0.999998
7390	0.999998
7391	0.999998
7392	0.999998
7393	0.999998
7394	0.999998
7395	0.999998
7396	0.999998
7397	0.999998
7398	0.999998
7399	0.999998
7400	0.999998
7401	0.999998
7402	0.999998
7403	0.999998
7404	0.999998
7405	0.999998
7406	0.999998
7407	0.999998
7408	0.999998
7409	0.999998
7410	0.999998
7411	0.999998
7412	0.999998
7413	0.999998
7414	0.999998
7415	0.999998
7416	0.999998
7417	0.999998
7418	0.999998
7419	0.999998
7420	0.999998
7421	0.999998
7422	0.999998
7423	0.999998
7424	0.999998
7425	0.999998
7426	0.999998
7427	0.999998
7428	0.999998
7429	0.999998
7430	0.999998
7431	0.999998
7432	0.999998
7433	0.999998
7434	0.999998
7435	0.999998
7436	0.999998
7437	0.999998
7438	0.999998
7439	0.999998
7440	0.999998
7441	0.999998
7442	0.999998
7443	0.999998
7444	0.999998
7445	0.999998
7446	0.999998
7447	0.999998
7448	0.999998
7449	0.999998
7450	0.999998
7451	0.999998
7452	0.999998
7453	0.999998
7454	0.999998
7455	0.999998
7456	0.999998
7457	0.999998
7458	0.999998
7459	0.999998
7460	0.999998
7461	0.999998
7462	0.999998
7463	0.999998
7464	0.999998
7465	0.999998
7466	0.999998
7467	0.999998
7468	0.999998
7469	0.999998
7470	0.999998
7471	0.999999
7472	0.999999
7473	0.999999
7474	0.999999
7475	0.999999
7476	0.999999
7477	0.999999
7478	0.999999
7479	0.999999
7480	0.999999
7481	0.999999
7482	0.999999
7483	0.999999
7484	0.999999
7485	0.999999
7486	0.999999
7487	0.999999
7488	0.999999
7489	0.999999
7490	0.999999
7491	0.999999
7492	0.999999
7493	0.999999
7494	0.999999
7495	0.999999
7496	0.999999
7497	0.999999
7498	0.999999
7499	0.999999
7500	0.999999
7501	0.999999
7502	0.999999
7503	0.999999
7504	0.999999
7505	0.999999
7506	0.999999
7507	0.999999
7508	0.999999
7509	0.999999
7510	0.999999
7511	0.999999
7512	0.999999
7513	0.999999
7514	0.999999
7515	0.999999
7516	0.999999
7517	0.999999
7518	0.999999
7519	0.999999
7520	0.999999
7521	0.999999
7522	0.999999
7523	0.999999
7524	0.999999
7525	0.999999
7526	0.999999
7527	0.999999
7528	0.999999
7529	0.999999
7530	0.999999
7531	0.999999
7532	0.999999
7533	0.999999
7534	0.999999
7535	0.999999
7536	0.999999
7537	0.999999
7538	0.999999
7539	0.999999
7540	0.999999
7541	0.999999
7542	0.999999
7543	0.999999
7544	0.999999
7545	0.999999
7546	0.999999
7547	0.999999
7548	0.999999
7549	0.999999
7550	0.999999
7551	0.999999
7552	0.999999
7553	0.999999
7554	0.999999
7555	0.999999
7556	0.999999
7557	0.999999
7558	0.999999
7559	0.999999
7560	0.999999
7561	0.999999
7562	0.999999
7563	0.999999
7564	0.999999
7565	0.999999
7566	0.999999
7567	0.999999
7568	0.999999
7569	0.999999
7570	0.999999
7571	0.999999
7572	0.999999
7573	0.999999
7574	0.999999
7575	0.999999
7576	0.999999
7577	0.999999
7578	0.999999
7579	0.999999
7580	0.999999
7581	0.999999
7582	0.999999
7583	0.999999
7584	0.999999
7585	0.999999
7586	0.999999
7587	0.999999
7588	0.999999
7589	0.999999
7590	0.999999
7591	0.999999
7592	0.999999
7593	0.999999
7594	0.999999
7595	0.999999
7596	0.999999
7597	0.999999
7598	0.999999
7599	0.999999
7600	0.999999
7601	0.999999
7602	0.999999
7603	0.999999
7604	0.999999
7605	0.999999
7606	0.999999
7607	0.999999
7608	0.999999
7609	0.999999
7610	0.999999
7611	0.999999
7612	0.999999
7613	0.999999
7614	0.999999
7615	0.999999
7616	0.999999
7617	0.999999
7618	0.999999
7619	0.999999
7620	0.999999
7621	0.999999
7622	0.999999
7623	0.999999
7624	0.999999
7625	0.999999
7626	0.999999
7627	0.999999
7628	0.999999
7629	0.999999
7630	0.999999
7631	0.999999
7632	0.999999
7633	0.999999
7634	0.999999
7635	0.999999
7636	0.999999
7637	0.999999
7638	0.999999
7639	0.999999
7640	0.999999
7641	0.999999
7642	0.999999
7643	0.999999
7644	0.999999
7645	0.999999
7646	0.999999
7647	0.999999
7648	0.999999
7649	0.999999
7650	0.999999
7651	0.999999
7652	0.999999
7653	0.999999
7654	0.999999
7655	0.999999
7656	0.999999
7657	0.999999
7658	0.999999
7659	0.999999
7660	0.999999
7661	0.999999
7662	0.999999
7663	0.999999
7664	0.999999
7665	0.999999
7666	0.999999
7667	0.999999
7668	0.999999
7669	0.999999
7670	0.999999
7671	0.999999
7672	0.999999
7673	0.999999
7674	0.999999
7675	0.999999
7676	0.999999
7677	0.999999
7678	0.999999
7679	0.999999
7680	0.999999
7681	0.999999
7682	0.999999
7683	0.999999
7684	0.999999
7685	0.999999
7686	0.999999
7687	0.999999
7688	0.999999
7689	0.999999
7690	0.999999
7691	0.999999
7692	0.999999
7693	0.999999
7694	0.999999
7695	0.999999
7696	0.999999
7697	0.999999
7698	0.999999
7699	0.999999
7700	0.999999
7701	0.999999
7702	0.999999
7703	0.999999
7704	0.999999
7705	0.999999
7706	0.999999
7707	0.999999
7708	0.999999
7709	0.999999
7710	0.999999
7711	0.999999
7712	0.999999
7713	0.999999
7714	0.999999
7715	0.999999
7716	0.999999
7717	0.999999
7718	0.999999
7719	0.999999
7720	0.999999
7721	0.999999
7722	0.999999
7723	0.999999
7724	0.999999
7725	0.999999
7726	0.999999
7727	0.999999
7728	0.999999
7729	0.999999
7730	0.999999
7731	0.999999
7732	0.999999
7733	0.999999
7734	0.999999
7735	0.999999
7736	0.999999
7737	0.999999
7738	0.999999
7739	0.999999
7740	0.999999
7741	0.999999
7742	0.999999
7743	0.999999
7744	0.999999
7745	0.999999
7746	0.999999
7747	0.999999
7748	0.999999
7749	0.999999
7750	0.999999
7751	0.999999
7752	0.999999
7753	0.999999
7754	0.999999
7755	0.999999
7756	0.999999
7757	0.999999
7758	0.999999
7759	0.999999
7760	0.999999
7761	0.999999
7762	0.999999
7763	0.999999
7764	0.999999
7765	0.999999
7766	0.999999
7767	0.999999
7768	0.999999
7769	0.999999
7770	0.999999
7771	0.999999
7772	0.999999
7773	0.999999
7774	0.999999
7775	0.999999
7776	0.999999
7777	0.999999
7778	0.999999
7779	0.999999
7780	0.999999
7781	0.999999
7782	0.999999
7783	0.999999
7784	0.999999
7785	0.999999
7786	0.999999
7787	0.999999
7788	0.999999
7789	0.999999
7790	0.999999
7791	0.999999
7792	0.999999
7793	0.999999
7794	0.999999
7795	0.999999
7796	0.999999
7797	0.999999
7798	0.999999
7799	0.999999
7800	0.999999
7801	0.999999
7802	0.999999
7803	0.999999
7804	0.999999
7805	0.999999
7806	0.999999
7807	0.999999
7808	0.999999
7809	0.999999
7810	0.999999
7811	0.999999
7812	0.999999
7813	0.999999
7814	0.999999
7815	0.999999
7816	0.999999
7817	0.999999
7818	0.999999
7819	0.999999
7820	0.999999
7821	0.999999
7822	0.999999
7823	0.999999
7824	0.999999
7825	0.999999
7826	0.999999
7827	0.999999
7828	0.999999
7829	0.999999
7830	0.999999
7831	0.999999
7832	0.999999
7833	0.999999
7834	0.999999
7835	0.999999
7836	0.999999
7837	0.999999
7838	0.999999
7839	0.999999
7840	0.999999
7841	0.999999
7842	0.999999
7843	0.999999
7844	0.999999
7845	0.999999
7846	0.999999
7847	0.999999
7848	0.999999
7849	0.999999
7850	0.999999
7851	0.999999
7852	0.999999
7853	0.999999
7854	0.999999
7855	0.999999
7856	0.999999
7857	0.999999
7858	0.999999
7859	0.999999
7860	0.999999
7861	0.999999
7862	0.999999
7863	0.999999
7864	0.999999
7865	0.999999
7866	0.999999
7867	0.999999
7868	0.999999
7869	0.999999
7870	0.999999
7871	0.999999
7872	0.999999
7873	0.999999
7874	0.999999
7875	0.999999
7876	0.999999
7877	0.999999
7878	0.999999
7879	0.999999
7880	0.999999
7881	0.999999
7882	0.999999
7883	0.999999
7884	0.999999
7885	0.999999
7886	0.999999
7887	0.999999
7888	0.999999
7889	0.999999
7890	0.999999
7891	0.999999
7892	0.999999
7893	0.999999
7894	0.999999
7895	0.999999
7896	0.999999
7897	0.999999
7898	0.999999
7899	0.999999
7900	0.999999
7901	0.999999
7902	0.999999
7903	0.999999
7904	0.999999
7905	0.999999
7906	0.999999
7907	0.999999
7908	0.999999
7909	0.999999
7910	0.999999
7911	0.999999
7912	0.999999
7913	0.999999
7914	0.999999
7915	0.999999
7916	0.999999
7917	0.999999
7918	0.999999
7919	0.999999
7920	0.999999
7921	0.999999
7922	0.999999
7923	0.999999
7924	0.999999
7925	0.999999
7926	0.999999
7927	0.999999
7928	0.999999
7929	0.999999
7930	0.999999
7931	0.999999
7932	0.999999
7933	0.999999
7934	0.999999
7935	0.999999
7936	0.999999
7937	0.999999
7938	0.999999
7939	0.999999
7940	0.999999
7941	0.999999
7942	0.999999
7943	0.999999
7944	0.999999
7945	0.999999
7946	0.999999
7947	0.999999
7948	0.999999
7949	0.999999
7950	0.999999
7951	0.999999
7952	0.999999
7953	0.999999
7954	0.999999
7955	0.999999
7956	0.999999
7957	0.999999
7958	0.999999
7959	0.999999
7960	0.999999
7961	0.999999
7962	0.999999
7963	0.999999
7964	0.999999
7965	0.999999
7966	0.999999
7967	0.999999
7968	0.999999
7969	0.999999
7970	0.999999
7971	0.999999
7972	0.999999
7973	0.999999
7974	0.999999
7975	0.999999
7976	0.999999
7977	0.999999
7978	0.999999
7979	0.999999
7980	0.999999
7981	0.999999
7982	0.999999
7983	0.999999
7984	0.999999
7985	0.999999
7986	0.999999
7987	0.999999
7988	0.999999
7989	0.999999
7990	0.999999
7991	0.999999
7992	0.999999
7993	0.999999
7994	0.999999
7995	0.999999
7996	0.999999
7997	0.999999
7998	0.999999
7999	0.999999
8000	0.999999
8001	0.999999
8002	0.999999
8003	0.999999
8004	0.999999
8005	0.999999
8006	0.999999
8007	0.999999
8008	0.999999
8009	0.999999
8010	0.999999
8011	0.999999
8012	0.999999
8013	0.999999
8014	0.999999
8015	0.999999
8016	0.999999
8017	0.999999
8018	0.999999
8019	0.999999
8020	0.999999
8021	0.999999
8022	0.999999
8023	0.999999
8024	0.999999
8025	0.999999
8026	0.999999
8027	0.999999
8028	0.999999
8029	0.999999
8030	0.999999
8031	0.999999
8032	0.999999
8033	0.999999
8034	0.999999
8035	0.999999
8036	0.999999
8037	0.999999
8038	0.999999
8039	0.999999
8040	0.999999
8041	0.999999
8042	0.999999
8043	0.999999
8044	0.999999
8045	0.999999
8046	0.999999
8047	0.999999
8048	0.999999
8049	0.999999
8050	0.999999
8051	0.999999
8052	0.999999
8053	0.999999
8054	0.999999
8055	0.999999
8056	0.999999
8057	0.999999
8058	0.999999
8059	0.999999
8060	0.999999
8061	0.999999
8062	0.999999
8063	0.999999
8064	0.999999
8065	0.999999
8066	0.999999
8067	0.999999
8068	0.999999
8069	0.999999
8070	0.999999
8071	0.999999
8072	0.999999
8073	0.999999
8074	0.999999
8075	0.999999
8076	0.999999
8077	0.999999
8078	0.999999
8079	0.999999
8080	0.999999
8081	0.999999
8082	0.999999
8083	0.999999
8084	0.999999
8085	0.999999
8086	0.999999
8087	0.999999
8088	0.999999
8089	0.999999
8090	0.999999
8091	0.999999
8092	0.999999
8093	0.999999
8094	0.999999
8095	0.999999
8096	0.999999
8097	0.999999
8098	0.999999
8099	0.999999
8100	0.999999
8101	0.999999
8102	0.999999
8103	0.999999
8104	0.999999
8105	0.999999
8106	0.999999
8107	0.999999
8108	0.999999
8109	0.999999
8110	0.999999
8111	0.999999
8112	0.999999
8113	0.999999
8114	0.999999
8115	0.999999
8116	0.999999
8117	0.999999
8118	0.999999
8119	0.999999
8120	0.999999
8121	0.999999
8122	0.999999
8123	0.999999
8124	0.999999
8125	1
8126	1
8127	1
8128	1
8129	1
8130	1
8131	1
8132	1
8133	1
8134	1
8135	1
8136	1
8137	1
8138	1
8139	1
8140	1
8141	1
8142	1
8143	1
8144	1
8145	1
8146	1
8147	1
8148	1
8149	1
8150	1
8151	1
8152	1
8153	1
8154	1
8155	1
8156	1
8157	1
8158	1
8159	1
8160	1
8161	1
8162	1
8163	1
8164	1
8165	1
8166	1
8167	1
8168	1
8169	1
8170	1
8171	1
8172	1
8173	1
8174	1
8175	1
8176	1
8177	1
8178	1
8179	1
8180	1
8181	1
8182	1
8183	1
8184	1
8185	1
8186	1
8187	1
8188	1
8189	1
8190	1
8191	1
8192	1
8193	1
8194	1
8195	1
8196	1
8197	1
8198	1
8199	1
8200	1
8201	1
8202	1
8203	1
8204	1
8205	1
8206	1
8207	1
8208	1
8209	1
8210	1
8211	1
8212	1
8213	1
8214	1
8215	1
8216	1
8217	1
8218	1
8219	1
8220	1
8221	1
8222	1
8223	1
8224	1
8225	1
8226	1
8227	1
8228	1
8229	1
8230	1
8231	1
8232	1
8233	1
8234	1
8235	1
8236	1
8237	1
8238	1
8239	1
8240	1
8241	1
8242	1
8243	1
8244	1
8245	1
8246	1
8247	1
8248	1
8249	1
8250	1
8251	1
8252	1
8253	1
8254	1
8255	1
8256	1
8257	1
8258	1
8259	1
8260	1
8261	1
8262	1
8263	1
8264	1
8265	1
8266	1
8267	1
8268	1
8269	1
8270	1
8271	1
8272	1
8273	1
8274	1
8275	1
8276	1
8277	1
8278	1
8279	1
8280	1
8281	1
8282	1
8283	1
8284	1
8285	1
8286	1
8287	1
8288	1
8289	1
8290	1
8291	1
8292	1
8293	1
8294	1
8295	1
8296	1
8297	1
8298	1
8299	1
8300	1
8301	1
8302	1
8303	1
8304	1
8305	1
8306	1
8307	1
8308	1
8309	1
8310	1
8311	1
8312	1
8313	1
8314	1
8315	1
8316	1
8317	1
8318	1
8319	1
8320	1
8321	1
8322	1
8323	1
8324	1
8325	1
8326	1
8327	1
8328	1
8329	1
8330	1
8331	1
8332	1
8333	1
8334	1
8335	1
8336	1
8337	1
8338	1
8339	1
8340	1
8341	1
8342	1
8343	1
8344	1
8345	1
8346	1
8347	1
8348	1
8349	1
8350	1
8351	1
8352	1
8353	1
8354	1
8355	1
8356	1
8357	1
8358	1
8359	1
8360	1
8361	1
8362	1
8363	1
8364	1
8365	1
8366	1
8367	1
8368	1
8369	1
8370	1
8371	1
8372	1
8373	1
8374	1
8375	1
8376	1
8377	1
8378	1
8379	1
8380	1
8381	1
8382	1
8383	1
8384	1
8385	1
8386	1
8387	1
8388	1
8389	1
8390	1
8391	1
8392	1
8393	1
8394	1
8395	1
8396	1
8397	1
8398	1
8399	1
8400	1
8401	1
8402	1
8403	1
8404	1
8405	1
8406	1
8407	1
8408	1
8409	1
8410	1
8411	1
8412	1
8413	1
8414	1
8415	1
8416	1
8417	1
8418	1
8419	1
8420	1
8421	1
8422	1
8423	1
8424	1
8425	1
8426	1
8427	1
8428	1
8429	1
8430	1
8431	1
8432	1
8433	1
8434	1
8435	1
8436	1
8437	1
8438	1
8439	1
8440	1
8441	1
8442	1
8443	1
8444	1
8445	1
8446	1
8447	1
8448	1
8449	1
8450	1
8451	1
8452	1
8453	1
8454	1
8455	1
8456	1
8457	1
8458	1
8459	1
8460	1
8461	1
8462	1
8463	1
8464	1
8465	1
8466	1
8467	1
8468	1
8469	1
8470	1
8471	1
8472	1
8473	1
8474	1
8475	1
8476	1
8477	1
8478	1
8479	1
8480	1
8481	1
8482	1
8483	1
8484	1
8485	1
8486	1
8487	1
8488	1
8489	1
8490	1
8491	1
8492	1
8493	1
8494	1
8495	1
8496	1
8497	1
8498	1
8499	1
8500	1
8501	1
8502	1
8503	1
8504	1
8505	1
8506	1
8507	1
8508	1
8509	1
8510	1
8511	1
8512	1
8513	1
8514	1
8515	1
8516	1
8517	1
8518	1
8519	1
8520	1
8521	1
8522	1
8523	1
8524	1
8525	1
8526	1
8527	1
8528	1
8529	1
8530	1
8531	1
8532	1
8533	1
8534	1
8535	1
8536	1
8537	1
8538	1
8539	1
8540	1
8541	1
8542	1
8543	1
8544	1
8545	1
8546	1
8547	1
8548	1
8549	1
8550	1
8551	1
8552	1
8553	1
8554	1
8555	1
8556	1
8557	1
8558	1
8559	1
8560	1
8561	1
8562	1
8563	1
8564	1
8565	1
8566	1
8567	1
8568	1
8569	1
8570	1
8571	1
8572	1
8573	1
8574	1
8575	1
8576	1
8577	1
8578	1
8579	1
8580	1
8581	1
8582	1
8583	1
8584	1
8585	1
8586	1
8587	1
8588	1
8589	1
8590	1
8591	1
8592	1
8593	1
8594	1
8595	1
8596	1
8597	1
8598	1
8599	1
8600	1
8601	1
8602	1
8603	1
8604	1
8605	1
8606	1
8607	1
8608	1
8609	1
8610	1
8611	1
8612	1
8613	1
8614	1
8615	1
8616	1
8617	1
8618	1
8619	1
8620	1
8621	1
8622	1
8623	1
8624	1
8625	1
8626	1
8627	1
8628	1
8629	1
8630	1
8631	1
8632	1
8633	1
8634	1
8635	1
8636	1
8637	1
8638	1
8639	1
8640	1
8641	1
8642	1
8643	1
8644	1
8645	1
8646	1
8647	1
8648	1
8649	1
8650	1
8651	1
8652	1
8653	1
8654	1
8655	1
8656	1
8657	1
8658	1
8659	1
8660	1
8661	1
8662	1
8663	1
8664	1
8665	1
8666	1
8667	1
8668	1
8669	1
8670	1
8671	1
8672	1
8673	1
8674	1
8675	1
8676	1
8677	1
8678	1
8679	1
8680	1
8681	1
8682	1
8683	1
8684	1
8685	1
8686	1
8687	1
8688	1
8689	1
8690	1
8691	1
8692	1
8693	1
8694	1
8695	1
8696	1
8697	1
8698	1
8699	1
8700	1
8701	1
8702	1
8703	1
8704	1
8705	1
8706	1
8707	1
8708	1
8709	1
8710	1
8711	1
8712	1
8713	1
8714	1
8715	1
8716	1
8717	1
8718	1
8719	1
8720	1
8721	1
8722	1
8723	1
8724	1
8725	1
8726	1
8727	1
8728	1
8729	1
8730	1
8731	1
8732	1
8733	1
8734	1
8735	1
8736	1
8737	1
8738	1
8739	1
8740	1
8741	1
8742	1
8743	1
8744	1
8745	1
8746	1
8747	1
8748	1
8749	1
8750	1
8751	1
8752	1
8753	1
8754	1
8755	1
8756	1
8757	1
8758	1
8759	1
8760	1
8761	1
8762	1
8763	1
8764	1
8765	1
8766	1
8767	1
8768	1
8769	1
8770	1
8771	1
8772	1
8773	1
8774	1
8775	1
8776	1
8777	1
8778	1
8779	1
8780	1
8781	1
8782	1
8783	1
8784	1
8785	1
8786	1
8787	1
8788	1
8789	1
8790	1
8791	1
8792	1
8793	1
8794	1
8795	1
8796	1
8797	1
8798	1
8799	1
8800	1
8801	1
8802	1
8803	1
8804	1
8805	1
8806	1
8807	1
8808	1
8809	1
8810	1
8811	1
8812	1
8813	1
8814	1
8815	1
8816	1
8817	1
8818	1
8819	1
8820	1
8821	1
8822	1
8823	1
8824	1
8825	1
8826	1
8827	1
8828	1
8829	1
8830	1
8831	1
8832	1
8833	1
8834	1
8835	1
8836	1
8837	1
8838	1
8839	1
8840	1
8841	1
8842	1
8843	1
8844	1
8845	1
8846	1
8847	1
8848	1
8849	1
8850	1
8851	1
8852	1
8853	1
8854	1
8855	1
8856	1
8857	1
8858	1
8859	1
8860	1
8861	1
8862	1
8863	1
8864	1
8865	1
8866	1
8867	1
8868	1
8869	1
8870	1
8871	1
8872	1
8873	1
8874	1
8875	1
8876	1
8877	1
8878	1
8879	1
8880	1
8881	1
8882	1
8883	1
8884	1
8885	1
8886	1
8887	1
8888	1
8889	1
8890	1
8891	1
8892	1
8893	1
8894	1
8895	1
8896	1
8897	1
8898	1
8899	1
8900	1
8901	1
8902	1
8903	1
8904	1
8905	1
8906	1
8907	1
8908	1
8909	1
8910	1
8911	1
8912	1
8913	1
8914	1
8915	1
8916	1
8917	1
8918	1
8919	1
8920	1
8921	1
8922	1
8923	1
8924	1
8925	1
8926	1
8927	1
8928	1
8929	1
8930	1
8931	1
8932	1
8933	1
8934	1
8935	1
8936	1
8937	1
8938	1
8939	1
8940	1
8941	1
8942	1
8943	1
8944	1
8945	1
8946	1
8947	1
8948	1
8949	1
8950	1
8951	1
8952	1
8953	1
8954	1
8955	1
8956	1
8957	1
8958	1
8959	1
8960	1
8961	1
8962	1
8963	1
8964	1
8965	1
8966	1
8967	1
8968	1
8969	1
8970	1
8971	1
8972	1
8973	1
8974	1
8975	1
8976	1
8977	1
8978	1
8979	1
8980	1
8981	1
8982	1
8983	1
8984	1
8985	1
8986	1
8987	1
8988	1
8989	1
8990	1
8991	1
8992	1
8993	1
8994	1
8995	1
8996	1
8997	1
8998	1
8999	1
9000	1
9001	1
9002	1
9003	1
9004	1
9005	1
9006	1
9007	1
9008	1
9009	1
9010	1
9011	1
9012	1
9013	1
9014	1
9015	1
9016	1
9017	1
9018	1
9019	1
9020	1
9021	1
9022	1
9023	1
9024	1
9025	1
9026	1
9027	1
9028	1
9029	1
9030	1
9031	1
9032	1
9033	1
9034	1
9035	1
9036	1
9037	1
9038	1
9039	1
9040	1
9041	1
9042	1
9043	1
9044	1
9045	1
9046	1
9047	1
9048	1
9049	1
9050	1
9051	1
9052	1
9053	1
9054	1
9055	1
9056	1
9057	1
9058	1
9059	1
9060	1
9061	1
9062	1
9063	1
9064	1
9065	1
9066	1
9067	1
9068	1
9069	1
9070	1
9071	1
9072	1
9073	1
9074	1
9075	1
9076	1
9077	1
9078	1
9079	1
9080	1
9081	1
9082	1
9083	1
9084	1
9085	1
9086	1
9087	1
9088	1
9089	1
9090	1
9091	1
9092	1
9093	1
9094	1
9095	1
9096	1
9097	1
9098	1
9099	1
9100	1
9101	1
9102	1
9103	1
9104	1
9105	1
9106	1
9107	1
9108	1
9109	1
9110	1
9111	1
9112	1
9113	1
9114	1
9115	1
9116	1
9117	1
9118	1
9119	1
9120	1
9121	1
9122	1
9123	1
9124	1
9125	1
9126	1
9127	1
9128	1
9129	1
9130	1
9131	1
9132	1
9133	1
9134	1
9135	1
9136	1
9137	1
9138	1
9139	1
9140	1
9141	1
9142	1
9143	1
9144	1
9145	1
9146	1
9147	1
9148	1
9149	1
9150	1
9151	1
9152	1
9153	1
9154	1
9155	1
9156	1
9157	1
9158	1
9159	1
9160	1
9161	1
9162	1
9163	1
9164	1
9165	1
9166	1
9167	1
9168	1
9169	1
9170	1
9171	1
9172	1
9173	1
9174	1
9175	1
9176	1
9177	1
9178	1
9179	1
9180	1
9181	1
9182	1
9183	1
9184	1
9185	1
9186	1
9187	1
9188	1
9189	1
9190	1
9191	1
9192	1
9193	1
9194	1
9195	1
9196	1
9197	1
9198	1
9199	1
9200	1
9201	1
9202	1
9203	1
9204	1
9205	1
9206	1
9207	1
9208	1
9209	1
9210	1
9211	1
9212	1
9213	1
9214	1
9215	1
9216	1
9217	1
9218	1
9219	1
9220	1
9221	1
9222	1
9223	1
9224	1
9225	1
9226	1
9227	1
9228	1
9229	1
9230	1
9231	1
9232	1
9233	1
9234	1
9235	1
9236	1
9237	1
9238	1
9239	1
9240	1
9241	1
9242	1
9243	1
9244	1
9245	1
9246	1
9247	1
9248	1
9249	1
9250	1
9251	1
9252	1
9253	1
9254	1
9255	1
9256	1
9257	1
9258	1
9259	1
9260	1
9261	1
9262	1
9263	1
9264	1
9265	1
9266	1
9267	1
9268	1
9269	1
9270	1
9271	1
9272	1
9273	1
9274	1
9275	1
9276	1
9277	1
9278	1
9279	1
9280	1
9281	1
9282	1
9283	1
9284	1
9285	1
9286	1
9287	1
9288	1
9289	1
9290	1
9291	1
9292	1
9293	1
9294	1
9295	1
9296	1
9297	1
9298	1
9299	1
9300	1
9301	1
9302	1
9303	1
9304	1
9305	1
9306	1
9307	1
9308	1
9309	1
9310	1
9311	1
9312	1
9313	1
9314	1
9315	1
9316	1
9317	1
9318	1
9319	1
9320	1
9321	1
9322	1
9323	1
9324	1
9325	1
9326	1
9327	1
9328	1
9329	1
9330	1
9331	1
9332	1
9333	1
9334	1
9335	1
9336	1
9337	1
9338	1
9339	1
9340	1
9341	1
9342	1
9343	1
9344	1
9345	1
9346	1
9347	1
9348	1
9349	1
9350	1
9351	1
9352	1
9353	1
9354	1
9355	1
9356	1
9357	1
9358	1
9359	1
9360	1
9361	1
9362	1
9363	1
9364	1
9365	1
9366	1
9367	1
9368	1
9369	1
9370	1
9371	1
9372	1
9373	1
9374	1
9375	1
9376	1
9377	1
9378	1
9379	1
9380	1
9381	1
9382	1
9383	1
9384	1
9385	1
9386	1
9387	1
9388	1
9389	1
9390	1
9391	1
9392	1
9393	1
9394	1
9395	1
9396	1
9397	1
9398	1
9399	1
9400	1
9401	1
9402	1
9403	1
9404	1
9405	1
9406	1
9407	1
9408	1
9409	1
9410	1
9411	1
9412	1
9413	1
9414	1
9415	1
9416	1
9417	1
9418	1
9419	1
9420	1
9421	1
9422	1
9423	1
9424	1
9425	1
9426	1
9427	1
9428	1
9429	1
9430	1
9431	1
9432	1
9433	1
9434	1
9435	1
9436	1
9437	1
9438	1
9439	1
9440	1
9441	1
9442	1
9443	1
9444	1
9445	1
9446	1
9447	1
9448	1
9449	1
9450	1
9451	1
9452	1
9453	1
9454	1
9455	1
9456	1
9457	1
9458	1
9459	1
9460	1
9461	1
9462	1
9463	1
9464	1
9465	1
9466	1
9467	1
9468	1
9469	1
9470	1
9471	1
9472	1
9473	1
9474	1
9475	1
9476	1
9477	1
9478	1
9479	1
9480	1
9481	1
9482	1
9483	1
9484	1
9485	1
9486	1
9487	1
9488	1
9489	1
9490	1
9491	1
9492	1
9493	1
9494	1
9495	1
9496	1
9497	1
9498	1
9499	1
9500	1
9501	1
9502	1
9503	1
9504	1
9505	1
9506	1
9507	1
9508	1
9509	1
9510	1
9511	1
9512	1
9513	1
9514	1
9515	1
9516	1
9517	1
9518	1
9519	1
9520	1
9521	1
9522	1
9523	1
9524	1
9525	1
9526	1
9527	1
9528	1
9529	1
9530	1
9531	1
9532	1
9533	1
9534	1
9535	1
9536	1
9537	1
9538	1
9539	1
9540	1
9541	1
9542	1
9543	1
9544	1
9545	1
9546	1
9547	1
9548	1
9549	1
9550	1
9551	1
9552	1
9553	1
9554	1
9555	1
9556	1
9557	1
9558	1
9559	1
9560	1
9561	1
9562	1
9563	1
9564	1
9565	1
9566	1
9567	1
9568	1
9569	1
9570	1
9571	1
9572	1
9573	1
9574	1
9575	1
9576	1
9577	1
9578	1
9579	1
9580	1
9581	1
9582	1
9583	1
9584	1
9585	1
9586	1
9587	1
9588	1
9589	1
9590	1
9591	1
9592	1
9593	1
9594	1
9595	1
9596	1
9597	1
9598	1
9599	1
9600	1
9601	1
9602	1
9603	1
9604	1
9605	1
9606	1
9607	1
9608	1
9609	1
9610	1
9611	1
9612	1
9613	1
9614	1
9615	1
9616	1
9617	1
9618	1
9619	1
9620	1
9621	1
9622	1
9623	1
9624	1
9625	1
9626	1
9627	1
9628	1
9629	1
9630	1
9631	1
9632	1
9633	1
9634	1
9635	1
9636	1
9637	1
9638	1
9639	1
9640	1
9641	1
9642	1
9643	1
9644	1
9645	1
9646	1
9647	1
9648	1
9649	1
9650	1
9651	1
9652	1
9653	1
9654	1
9655	1
9656	1
9657	1
9658	1
9659	1
9660	1
9661	1
9662	1
9663	1
9664	1
9665	1
9666	1
9667	1
9668	1
9669	1
9670	1
9671	1
9672	1
9673	1
9674	1
9675	1
9676	1
9677	1
9678	1
9679	1
9680	1
9681	1
9682	1
9683	1
9684	1
9685	1
9686	1
9687	1
9688	1
9689	1
9690	1
9691	1
9692	1
9693	1
9694	1
9695	1
9696	1
9697	1
9698	1
9699	1
9700	1
9701	1
9702	1
9703	1
9704	1
9705	1
9706	1
9707	1
9708	1
9709	1
9710	1
9711	1
9712	1
9713	1
9714	1
9715	1
9716	1
9717	1
9718	1
9719	1
9720	1
9721	1
9722	1
9723	1
9724	1
9725	1
9726	1
9727	1
9728	1
9729	1
9730	1
9731	1
9732	1
9733	1
9734	1
9735	1
9736	1
9737	1
9738	1
9739	1
9740	1
9741	1
9742	1
9743	1
9744	1
9745	1
9746	1
9747	1
9748	1
9749	1
9750	1
9751	1
9752	1
9753	1
9754	1
9755	1
9756	1
9757	1
9758	1
9759	1
9760	1
9761	1
9762	1
9763	1
9764	1
9765	1
9766	1
9767	1
9768	1
9769	1
9770	1
9771	1
9772	1
9773	1
9774	1
9775	1
9776	1
9777	1
9778	1
9779	1
9780	1
9781	1
9782	1
9783	1
9784	1
9785	1
9786	1
9787	1
9788	1
9789	1
9790	1
9791	1
9792	1
9793	1
9794	1
9795	1
9796	1
9797	1
9798	1
9799	1
9800	1
9801	1
9802	1
9803	1
9804	1
9805	1
9806	1
9807	1
9808	1
9809	1
9810	1
9811	1
9812	1
9813	1
9814	1
9815	1
9816	1
9817	1
9818	1
9819	1
9820	1
9821	1
9822	1
9823	1
9824	1
9825	1
9826	1
9827	1
9828	1
9829	1
9830	1
9831	1
9832	1
9833	1
9834	1
9835	1
9836	1
9837	1
9838	1
9839	1
9840	1
9841	1
9842	1
9843	1
9844	1
9845	1
9846	1
9847	1
9848	1
9849	1
9850	1
9851	1
9852	1
9853	1
9854	1
9855	1
9856	1
9857	1
9858	1
9859	1
9860	1
9861	1
9862	1
9863	1
9864	1
9865	1
9866	1
9867	1
9868	1
9869	1
9870	1
9871	1
9872	1
9873	1
9874	1
9875	1
9876	1
9877	1
9878	1
9879	1
9880	1
9881	1
9882	1
9883	1
9884	1
9885	1
9886	1
9887	1
9888	1
9889	1
9890	1
9891	1
9892	1
9893	1
9894	1
9895	1
9896	1
9897	1
9898	1
9899	1
9900	1
9901	1
9902	1
9903	1
9904	1
9905	1
9906	1
9907	1
9908	1
9909	1
9910	1
9911	1
9912	1
9913	1
9914	1
9915	1
9916	1
9917	1
9918	1
9919	1
9920	1
9921	1
9922	1
9923	1
9924	1
9925	1
9926	1
9927	1
9928	1
9929	1
9930	1
9931	1
9932	1
9933	1
9934	1
9935	1
9936	1
9937	1
9938	1
9939	1
9940	1
9941	1
9942	1
9943	1
9944	1
9945	1
9946	1
9947	1
9948	1
9949	1
9950	1
9951	1
9952	1
9953	1
9954	1
9955	1
9956	1
9957	1
9958	1
9959	1
9960	1
9961	1
9962	1
9963	1
9964	1
9965	1
9966	1
9967	1
9968	1
9969	1
9970	1
9971	1
9972	1
9973	1
9974	1
9975	1
9976	1
9977	1
9978	1
9979	1
9980	1
9981	1
9982	1
9983	1
9984	1
9985	1
9986	1
9987	1
9988	1
9989	1
9990	1
9991	1
9992	1
9993	1
9994	1
9995	1
9996	1
9997	1
9998	1
9999	1
10000	1
10001	1
10002	1
10003	1
10004	1
10005	1
10006	1
10007	1
10008	1
10009	1
10010	1
10011	1
10012	1
10013	1
10014	1
10015	1
10016	1
10017	1
10018	1
10019	1
10020	1
10021	1
10022	1
10023	1
10024	1
10025	1
10026	1
10027	1
10028	1
10029	1
10030	1
10031	1
10032	1
10033	1
10034	1
10035	1
10036	1
10037	1
10038	1
10039	1
10040	1
10041	1
10042	1
10043	1
10044	1
10045	1
10046	1
10047	1
10048	1
10049	1
10050	1
10051	1
10052	1
10053	1
10054	1
10055	1
10056	1
10057	1
10058	1
10059	1
10060	1
10061	1
10062	1
10063	1
10064	1
10065	1
10066	1
10067	1
10068	1
10069	1
10070	1
10071	1
10072	1
10073	1
10074	1
10075	1
10076	1
10077	1
10078	1
10079	1
10080	1
10081	1
10082	1
10083	1
10084	1
10085	1
10086	1
10087	1
10088	1
10089	1
10090	1
10091	1
10092	1
10093	1
10094	1
10095	1
10096	1
10097	1
10098	1
10099	1
10100	1
10101	1
10102	1
10103	1
10104	1
10105	1
10106	1
10107	1
10108	1
10109	1
10110	1
10111	1
10112	1
10113	1
10114	1
10115	1
10116	1
10117	1
10118	1
10119	1
10120	1
10121	1
10122	1
10123	1
10124	1
10125	1
10126	1
10127	1
10128	1
10129	1
10130	1
10131	1
10132	1
10133	1
10134	1
10135	1
10136	1
10137	1
10138	1
10139	1
10140	1
10141	1
10142	1
10143	1
10144	1
10145	1
10146	1
10147	1
10148	1
10149	1
10150	1
10151	1
10152	1
10153	1
10154	1
10155	1
10156	1
10157	1
10158	1
10159	1
10160	1
10161	1
10162	1
10163	1
10164	1
10165	1
10166	1
10167	1
10168	1
10169	1
10170	1
10171	1
10172	1
10173	1
10174	1
10175	1
10176	1
10177	1
10178	1
10179	1
10180	1
10181	1
10182	1
10183	1
10184	1
10185	1
10186	1
10187	1
10188	1
10189	1
10190	1
10191	1
10192	1
10193	1
10194	1
10195	1
10196	1
10197	1
10198	1
10199	1
10200	1
10201	1
10202	1
10203	1
10204	1
10205	1
10206	1
10207	1
10208	1
10209	1
10210	1
10211	1
10212	1
10213	1
10214	1
10215	1
10216	1
10217	1
10218	1
10219	1
10220	1
10221	1
10222	1
10223	1
10224	1
10225	1
10226	1
10227	1
10228	1
10229	1
10230	1
10231	1
10232	1
10233	1
10234	1
10235	1
10236	1
10237	1
10238	1
10239	1
10240	1
10241	1
10242	1
10243	1
10244	1
10245	1
10246	1
10247	1
10248	1
10249	1
10250	1
10251	1
10252	1
10253	1
10254	1
10255	1
10256	1
10257	1
10258	1
10259	1
10260	1
10261	1
10262	1
10263	1
10264	1
10265	1
10266	1
10267	1
10268	1
10269	1
10270	1
10271	1
10272	1
10273	1
10274	1
10275	1
10276	1
10277	1
10278	1
10279	1
10280	1
10281	1
10282	1
10283	1
10284	1
10285	1
10286	1
10287	1
10288	1
10289	1
10290	1
10291	1
10292	1
10293	1
10294	1
10295	1
10296	1
10297	1
10298	1
10299	1
10300	1
10301	1
10302	1
10303	1
10304	1
10305	1
10306	1
10307	1
10308	1
10309	1
10310	1
10311	1
10312	1
10313	1
10314	1
10315	1
10316	1
10317	1
10318	1
10319	1
10320	1
10321	1
10322	1
10323	1
10324	1
10325	1
10326	1
10327	1
10328	1
10329	1
10330	1
10331	1
10332	1
10333	1
10334	1
10335	1
10336	1
10337	1
10338	1
10339	1
10340	1
10341	1
10342	1
10343	1
10344	1
10345	1
10346	1
10347	1
10348	1
10349	1
10350	1
10351	1
10352	1
10353	1
10354	1
10355	1
10356	1
10357	1
10358	1
10359	1
10360	1
10361	1
10362	1
10363	1
10364	1
10365	1
10366	1
10367	1
10368	1
10369	1
10370	1
10371	1
10372	1
10373	1
10374	1
10375	1
10376	1
10377	1
10378	1
10379	1
10380	1
10381	1
10382	1
10383	1
10384	1
10385	1
10386	1
10387	1
10388	1
10389	1
10390	1
10391	1
10392	1
10393	1
10394	1
10395	1
10396	1
10397	1
10398	1
10399	1
10400	1
10401	1
10402	1
10403	1
10404	1
10405	1
10406	1
10407	1
10408	1
10409	1
10410	1
10411	1
10412	1
10413	1
10414	1
10415	1
10416	1
10417	1
10418	1
10419	1
10420	1
10421	1
10422	1
10423	1
10424	1
10425	1
10426	1
10427	1
10428	1
10429	1
10430	1
10431	1
10432	1
10433	1
10434	1
10435	1
10436	1
10437	1
10438	1
10439	1
10440	1
10441	1
10442	1
10443	1
10444	1
10445	1
10446	1
10447	1
10448	1
10449	1
10450	1
10451	1
10452	1
10453	1
10454	1
10455	1
10456	1
10457	1
10458	1
10459	1
10460	1
10461	1
10462	1
10463	1
10464	1
10465	1
10466	1
10467	1
10468	1
10469	1
10470	1
10471	1
10472	1
10473	1
10474	1
10475	1
10476	1
10477	1
10478	1
10479	1
10480	1
10481	1
10482	1
10483	1
10484	1
10485	1
10486	1
10487	1
10488	1
10489	1
10490	1
10491	1
10492	1
10493	1
10494	1
10495	1
10496	1
10497	1
10498	1
10499	1
10500	1
10501	1
10502	1
10503	1
10504	1
10505	1
10506	1
10507	1
10508	1
10509	1
10510	1
10511	1
10512	1
10513	1
10514	1
10515	1
10516	1
10517	1
10518	1
10519	1
10520	1
10521	1
10522	1
10523	1
10524	1
10525	1
10526	1
10527	1
10528	1
10529	1
10530	1
10531	1
10532	1
10533	1
10534	1
10535	1
10536	1
10537	1
10538	1
10539	1
10540	1
10541	1
10542	1
10543	1
10544	1
10545	1
10546	1
10547	1
10548	1
10549	1
10550	1
10551	1
10552	1
10553	1
10554	1
10555	1
10556	1
10557	1
10558	1
10559	1
10560	1
10561	1
10562	1
10563	1
10564	1
10565	1
10566	1
10567	1
10568	1
10569	1
10570	1
10571	1
10572	1
10573	1
10574	1
10575	1
10576	1
10577	1
10578	1
10579	1
10580	1
10581	1
10582	1
10583	1
10584	1
10585	1
10586	1
10587	1
10588	1
10589	1
10590	1
10591	1
10592	1
10593	1
10594	1
10595	1
10596	1
10597	1
10598	1
10599	1
10600	1
10601	1
10602	1
10603	1
10604	1
10605	1
10606	1
10607	1
10608	1
10609	1
10610	1
10611	1
10612	1
10613	1
10614	1
10615	1
10616	1
10617	1
10618	1
10619	1
10620	1
10621	1
10622	1
10623	1
10624	1
10625	1
10626	1
10627	1
10628	1
10629	1
10630	1
10631	1
10632	1
10633	1
10634	1
10635	1
10636	1
10637	1
10638	1
10639	1
10640	1
10641	1
10642	1
10643	1
10644	1
10645	1
10646	1
10647	1
10648	1
10649	1
10650	1
10651	1
10652	1
10653	1
10654	1
10655	1
10656	1
10657	1
10658	1
10659	1
10660	1
10661	1
10662	1
10663	1
10664	1
10665	1
10666	1
10667	1
10668	1
10669	1
10670	1
10671	1
10672	1
10673	1
10674	1
10675	1
10676	1
10677	1
10678	1
10679	1
10680	1
10681	1
10682	1
10683	1
10684	1
10685	1
10686	1
10687	1
10688	1
10689	1
10690	1
10691	1
10692	1
10693	1
10694	1
10695	1
10696	1
10697	1
10698	1
10699	1
10700	1
10701	1
10702	1
10703	1
10704	1
10705	1
10706	1
10707	1
10708	1
10709	1
10710	1
10711	1
10712	1
10713	1
10714	1
10715	1
10716	1
10717	1
10718	1
10719	1
10720	1
10721	1
10722	1
10723	1
10724	1
10725	1
10726	1
10727	1
10728	1
10729	1
10730	1
10731	1
10732	1
10733	1
10734	1
10735	1
10736	1
10737	1
10738	1
10739	1
10740	1
10741	1
10742	1
10743	1
10744	1
10745	1
10746	1
10747	1
10748	1
10749	1
10750	1
10751	1
10752	1
10753	1
10754	1
10755	1
10756	1
10757	1
10758	1
10759	1
10760	1
10761	1
10762	1
10763	1
10764	1
10765	1
10766	1
10767	1
10768	1
10769	1
10770	1
10771	1
10772	1
10773	1
10774	1
10775	1
10776	1
10777	1
10778	1
10779	1
10780	1
10781	1
10782	1
10783	1
10784	1
10785	1
10786	1
10787	1
10788	1
10789	1
10790	1
10791	1
10792	1
10793	1
10794	1
10795	1
10796	1
10797	1
10798	1
10799	1
10800	1
10801	1
10802	1
10803	1
10804	1
10805	1
10806	1
10807	1
10808	1
10809	1
10810	1
10811	1
10812	1
10813	1
10814	1
10815	1
10816	1
10817	1
10818	1
10819	1
10820	1
10821	1
10822	1
10823	1
10824	1
10825	1
10826	1
10827	1
10828	1
10829	1
10830	1
10831	1
10832	1
10833	1
10834	1
10835	1
10836	1
10837	1
10838	1
10839	1
10840	1
10841	1
10842	1
10843	1
10844	1
10845	1
10846	1
10847	1
10848	1
10849	1
10850	1
10851	1
10852	1
10853	1
10854	1
10855	1
10856	1
10857	1
10858	1
10859	1
10860	1
10861	1
10862	1
10863	1
10864	1
10865	1
10866	1
10867	1
10868	1
10869	1
10870	1
10871	1
10872	1
10873	1
10874	1
10875	1
10876	1
10877	1
10878	1
10879	1
10880	1
10881	1
10882	1
10883	1
10884	1
10885	1
10886	1
10887	1
10888	1
10889	1
10890	1
10891	1
10892	1
10893	1
10894	1
10895	1
10896	1
10897	1
10898	1
10899	1
10900	1
10901	1
10902	1
10903	1
10904	1
10905	1
10906	1
10907	1
10908	1
10909	1
10910	1
10911	1
10912	1
10913	1
10914	1
10915	1
10916	1
10917	1
10918	1
10919	1
10920	1
10921	1
10922	1
10923	1
10924	1
10925	1
10926	1
10927	1
10928	1
10929	1
10930	1
10931	1
10932	1
10933	1
10934	1
10935	1
10936	1
10937	1
10938	1
10939	1
10940	1
10941	1
10942	1
10943	1
10944	1
10945	1
10946	1
10947	1
10948	1
10949	1
10950	1
10951	1
10952	1
10953	1
10954	1
10955	1
10956	1
10957	1
10958	1
10959	1
10960	1
10961	1
10962	1
10963	1
10964	1
10965	1
10966	1
10967	1
10968	1
10969	1
10970	1
10971	1
10972	1
10973	1
10974	1
10975	1
10976	1
10977	1
10978	1
10979	1
10980	1
10981	1
10982	1
10983	1
10984	1
10985	1
10986	1
10987	1
10988	1
10989	1
10990	1
10991	1
10992	1
10993	1
10994	1
10995	1
10996	1
10997	1
10998	1
10999	1
11000	1
11001	1
11002	1
11003	1
11004	1
11005	1
11006	1
11007	1
11008	1
11009	1
11010	1
11011	1
11012	1
11013	1
11014	1
11015	1
11016	1
11017	1
11018	1
11019	1
11020	1
11021	1
11022	1
11023	1
11024	1
11025	1
11026	1
11027	1
11028	1
11029	1
11030	1
11031	1
11032	1
11033	1
11034	1
11035	1
11036	1
11037	1
11038	1
11039	1
11040	1
11041	1
11042	1
11043	1
11044	1
11045	1
11046	1
11047	1
11048	1
11049	1
11050	1
11051	1
11052	1
11053	1
11054	1
11055	1
11056	1
11057	1
11058	1
11059	1
11060	1
11061	1
11062	1
11063	1
11064	1
11065	1
11066	1
11067	1
11068	1
11069	1
11070	1
11071	1
11072	1
11073	1
11074	1
11075	1
11076	1
11077	1
11078	1
11079	1
11080	1
11081	1
11082	1
11083	1
11084	1
11085	1
11086	1
11087	1
11088	1
11089	1
11090	1
11091	1
11092	1
11093	1
11094	1
11095	1
11096	1
11097	1
11098	1
11099	1
11100	1
11101	1
11102	1
11103	1
11104	1
11105	1
11106	1
11107	1
11108	1
11109	1
11110	1
11111	1
11112	1
11113	1
11114	1
11115	1
11116	1
11117	1
11118	1
11119	1
11120	1
11121	1
11122	1
11123	1
11124	1
11125	1
11126	1
11127	1
11128	1
11129	1
11130	1
11131	1
11132	1
11133	1
11134	1
11135	1
11136	1
11137	1
11138	1
11139	1
11140	1
11141	1
11142	1
11143	1
11144	1
11145	1
11146	1
11147	1
11148	1
11149	1
11150	1
11151	1
11152	1
11153	1
11154	1
11155	1
11156	1
11157	1
11158	1
11159	1
11160	1
11161	1
11162	1
11163	1
11164	1
11165	1
11166	1
11167	1
11168	1
11169	1
11170	1
11171	1
11172	1
11173	1
11174	1
11175	1
11176	1
11177	1
11178	1
11179	1
11180	1
11181	1
11182	1
11183	1
11184	1
11185	1
11186	1
11187	1
11188	1
11189	1
11190	1
11191	1
11192	1
11193	1
11194	1
11195	1
11196	1
11197	1
11198	1
11199	1
11200	1
11201	1
11202	1
11203	1
11204	1
11205	1
11206	1
11207	1
11208	1
11209	1
11210	1
11211	1
11212	1
11213	1
11214	1
11215	1
11216	1
11217	1
11218	1
11219	1
11220	1
11221	1
11222	1
11223	1
11224	1
11225	1
11226	1
11227	1
11228	1
11229	1
11230	1
11231	1
11232	1
11233	1
11234	1
11235	1
11236	1
11237	1
11238	1
11239	1
11240	1
11241	1
11242	1
11243	1
11244	1
11245	1
11246	1
11247	1
11248	1
11249	1
11250	1
11251	1
11252	1
11253	1
11254	1
11255	1
11256	1
11257	1
11258	1
11259	1
11260	1
11261	1
11262	1
11263	1
11264	1
11265	1
11266	1
11267	1
11268	1
11269	1
11270	1
11271	1
11272	1
11273	1
11274	1
11275	1
11276	1
11277	1
11278	1
11279	1
11280	1
11281	1
11282	1
11283	1
11284	1
11285	1
11286	1
11287	1
11288	1
11289	1
11290	1
11291	1
11292	1
11293	1
11294	1
11295	1
11296	1
11297	1
11298	1
11299	1
11300	1
11301	1
11302	1
11303	1
11304	1
11305	1
11306	1
11307	1
11308	1
11309	1
11310	1
11311	1
11312	1
11313	1
11314	1
11315	1
11316	1
11317	1
11318	1
11319	1
11320	1
11321	1
11322	1
11323	1
11324	1
11325	1
11326	1
11327	1
11328	1
11329	1
11330	1
11331	1
11332	1
11333	1
11334	1
11335	1
11336	1
11337	1
11338	1
11339	1
11340	1
11341	1
11342	1
11343	1
11344	1
11345	1
11346	1
11347	1
11348	1
11349	1
11350	1
11351	1
11352	1
11353	1
11354	1
11355	1
11356	1
11357	1
11358	1
11359	1
11360	1
11361	1
11362	1
11363	1
11364	1
11365	1
11366	1
11367	1
11368	1
11369	1
11370	1
11371	1
11372	1
11373	1
11374	1
11375	1
11376	1
11377	1
11378	1
11379	1
11380	1
11381	1
11382	1
11383	1
11384	1
11385	1
11386	1
11387	1
11388	1
11389	1
11390	1
11391	1
11392	1
11393	1
11394	1
11395	1
11396	1
11397	1
11398	1
11399	1
11400	1
11401	1
11402	1
11403	1
11404	1
11405	1
11406	1
11407	1
11408	1
11409	1
11410	1
11411	1
11412	1
11413	1
11414	1
11415	1
11416	1
11417	1
11418	1
11419	1
11420	1
11421	1
11422	1
11423	1
11424	1
11425	1
11426	1
11427	1
11428	1
11429	1
11430	1
11431	1
11432	1
11433	1
11434	1
11435	1
11436	1
11437	1
11438	1
11439	1
11440	1
11441	1
11442	1
11443	1
11444	1
11445	1
11446	1
11447	1
11448	1
11449	1
11450	1
11451	1
11452	1
11453	1
11454	1
11455	1
11456	1
11457	1
11458	1
11459	1
11460	1
11461	1
11462	1
11463	1
11464	1
11465	1
11466	1
11467	1
11468	1
11469	1
11470	1
11471	1
11472	1
11473	1
11474	1
11475	1
11476	1
11477	1
11478	1
11479	1
11480	1
11481	1
11482	1
11483	1
11484	1
11485	1
11486	1
11487	1
11488	1
11489	1
11490	1
11491	1
11492	1
11493	1
11494	1
11495	1
11496	1
11497	1
11498	1
11499	1
11500	1
11501	1
11502	1
11503	1
11504	1
11505	1
11506	1
11507	1
11508	1
11509	1
11510	1
11511	1
11512	1
11513	1
11514	1
11515	1
11516	1
11517	1
11518	1
11519	1
11520	1
11521	1
11522	1
11523	1
11524	1
11525	1
11526	1
11527	1
11528	1
11529	1
11530	1
11531	1
11532	1
11533	1
11534	1
11535	1
11536	1
11537	1
11538	1
11539	1
11540	1
11541	1
11542	1
11543	1
11544	1
11545	1
11546	1
11547	1
11548	1
11549	1
11550	1
11551	1
11552	1
11553	1
11554	1
11555	1
11556	1
11557	1
11558	1
11559	1
11560	1
11561	1
11562	1
11563	1
11564	1
11565	1
11566	1
11567	1
11568	1
11569	1
11570	1
11571	1
11572	1
11573	1
11574	1
11575	1
11576	1
11577	1
11578	1
11579	1
11580	1
11581	1
11582	1
11583	1
11584	1
11585	1
11586	1
11587	1
11588	1
11589	1
11590	1
11591	1
11592	1
11593	1
11594	1
11595	1
11596	1
11597	1
11598	1
11599	1
11600	1
11601	1
11602	1
11603	1
11604	1
11605	1
11606	1
11607	1
11608	1
11609	1
11610	1
11611	1
11612	1
11613	1
11614	1
11615	1
11616	1
11617	1
11618	1
11619	1
11620	1
11621	1
11622	1
11623	1
11624	1
11625	1
11626	1
11627	1
11628	1
11629	1
11630	1
11631	1
11632	1
11633	1
11634	1
11635	1
11636	1
11637	1
11638	1
11639	1
11640	1
11641	1
11642	1
11643	1
11644	1
11645	1
11646	1
11647	1
11648	1
11649	1
11650	1
11651	1
11652	1
11653	1
11654	1
11655	1
11656	1
11657	1
11658	1
11659	1
11660	1
11661	1
11662	1
11663	1
11664	1
11665	1
11666	1
11667	1
11668	1
11669	1
11670	1
11671	1
11672	1
11673	1
11674	1
11675	1
11676	1
11677	1
11678	1
11679	1
11680	1
11681	1
11682	1
11683	1
11684	1
11685	1
11686	1
11687	1
11688	1
11689	1
11690	1
11691	1
11692	1
11693	1
11694	1
11695	1
11696	1
11697	1
11698	1
11699	1
11700	1
11701	1
11702	1
11703	1
11704	1
11705	1
11706	1
11707	1
11708	1
11709	1
11710	1
11711	1
11712	1
11713	1
11714	1
11715	1
11716	1
11717	1
11718	1
11719	1
11720	1
11721	1
11722	1
11723	1
11724	1
11725	1
11726	1
11727	1
11728	1
11729	1
11730	1
11731	1
11732	1
11733	1
11734	1
11735	1
11736	1
11737	1
11738	1
11739	1
11740	1
11741	1
11742	1
11743	1
11744	1
11745	1
11746	1
11747	1
11748	1
11749	1
11750	1
11751	1
11752	1
11753	1
11754	1
11755	1
11756	1
11757	1
11758	1
11759	1
11760	1
11761	1
11762	1
11763	1
11764	1
11765	1
11766	1
11767	1
11768	1
11769	1
11770	1
11771	1
11772	1
11773	1
11774	1
11775	1
11776	1
11777	1
11778	1
11779	1
11780	1
11781	1
11782	1
11783	1
11784	1
11785	1
11786	1
11787	1
11788	1
11789	1
11790	1
11791	1
11792	1
11793	1
11794	1
11795	1
11796	1
11797	1
11798	1
11799	1
11800	1
11801	1
11802	1
11803	1
11804	1
11805	1
11806	1
11807	1
11808	1
11809	1
11810	1
11811	1
11812	1
11813	1
11814	1
11815	1
11816	1
11817	1
11818	1
11819	1
11820	1
11821	1
11822	1
11823	1
11824	1
11825	1
11826	1
11827	1
11828	1
11829	1
11830	1
11831	1
11832	1
11833	1
11834	1
11835	1
11836	1
11837	1
11838	1
11839	1
11840	1
11841	1
11842	1
11843	1
11844	1
11845	1
11846	1
11847	1
11848	1
11849	1
11850	1
11851	1
11852	1
11853	1
11854	1
11855	1
11856	1
11857	1
11858	1
11859	1
11860	1
11861	1
11862	1
11863	1
11864	1
11865	1
11866	1
11867	1
11868	1
11869	1
11870	1
11871	1
11872	1
11873	1
11874	1
11875	1
11876	1
11877	1
11878	1
11879	1
11880	1
11881	1
11882	1
11883	1
11884	1
11885	1
11886	1
11887	1
11888	1
11889	1
11890	1
11891	1
11892	1
11893	1
11894	1
11895	1
11896	1
11897	1
11898	1
11899	1
11900	1
11901	1
11902	1
11903	1
11904	1
11905	1
11906	1
11907	1
11908	1
11909	1
11910	1
11911	1
11912	1
11913	1
11914	1
11915	1
11916	1
11917	1
11918	1
11919	1
11920	1
11921	1
11922	1
11923	1
11924	1
11925	1
11926	1
11927	1
11928	1
11929	1
11930	1
11931	1
11932	1
11933	1
11934	1
11935	1
11936	1
11937	1
11938	1
11939	1
11940	1
11941	1
11942	1
11943	1
11944	1
11945	1
11946	1
11947	1
11948	1
11949	1
11950	1
11951	1
11952	1
11953	1
11954	1
11955	1
11956	1
11957	1
11958	1
11959	1
11960	1
11961	1
11962	1
11963	1
11964	1
11965	1
11966	1
11967	1
11968	1
11969	1
11970	1
11971	1
11972	1
11973	1
11974	1
11975	1
11976	1
11977	1
11978	1
11979	1
11980	1
11981	1
11982	1
11983	1
11984	1
11985	1
11986	1
11987	1
11988	1
11989	1
11990	1
11991	1
11992	1
11993	1
11994	1
11995	1
11996	1
11997	1
11998	1
11999	1
12000	1
12001	1
12002	1
12003	1
12004	1
12005	1
12006	1
12007	1
12008	1
12009	1
12010	1
12011	1
12012	1
12013	1
12014	1
12015	1
12016	1
12017	1
12018	1
12019	1
12020	1
12021	1
12022	1
12023	1
12024	1
12025	1
12026	1
12027	1
12028	1
12029	1
12030	1
12031	1
12032	1
12033	1
12034	1
12035	1
12036	1
12037	1
12038	1
12039	1
12040	1
12041	1
12042	1
12043	1
12044	1
12045	1
12046	1
12047	1
12048	1
12049	1
12050	1
12051	1
12052	1
12053	1
12054	1
12055	1
12056	1
12057	1
12058	1
12059	1
12060	1
12061	1
12062	1
12063	1
12064	1
12065	1
12066	1
12067	1
12068	1
12069	1
12070	1
12071	1
12072	1
12073	1
12074	1
12075	1
12076	1
12077	1
12078	1
12079	1
12080	1
12081	1
12082	1
12083	1
12084	1
12085	1
12086	1
12087	1
12088	1
12089	1
12090	1
12091	1
12092	1
12093	1
12094	1
12095	1
12096	1
12097	1
12098	1
12099	1
12100	1
12101	1
12102	1
12103	1
12104	1
12105	1
12106	1
12107	1
12108	1
12109	1
12110	1
12111	1
12112	1
12113	1
12114	1
12115	1
12116	1
12117	1
12118	1
12119	1
12120	1
12121	1
12122	1
12123	1
12124	1
12125	1
12126	1
12127	1
12128	1
12129	1
12130	1
12131	1
12132	1
12133	1
12134	1
12135	1
12136	1
12137	1
12138	1
12139	1
12140	1
12141	1
12142	1
12143	1
12144	1
12145	1
12146	1
12147	1
12148	1
12149	1
12150	1
12151	1
12152	1
12153	1
12154	1
12155	1
12156	1
12157	1
12158	1
12159	1
12160	1
12161	1
12162	1
12163	1
12164	1
12165	1
12166	1
12167	1
12168	1
12169	1
12170	1
12171	1
12172	1
12173	1
12174	1
12175	1
12176	1
12177	1
12178	1
12179	1
12180	1
12181	1
12182	1
12183	1
12184	1
12185	1
12186	1
12187	1
12188	1
12189	1
12190	1
12191	1
12192	1
12193	1
12194	1
12195	1
12196	1
12197	1
12198	1
12199	1
12200	1
12201	1
12202	1
12203	1
12204	1
12205	1
12206	1
12207	1
12208	1
12209	1
12210	1
12211	1
12212	1
12213	1
12214	1
12215	1
12216	1
12217	1
12218	1
12219	1
12220	1
12221	1
12222	1
12223	1
12224	1
12225	1
12226	1
12227	1
12228	1
12229	1
12230	1
12231	1
12232	1
12233	1
12234	1
12235	1
12236	1
12237	1
12238	1
12239	1
12240	1
12241	1
12242	1
12243	1
12244	1
12245	1
12246	1
12247	1
12248	1
12249	1
12250	1
12251	1
12252	1
12253	1
12254	1
12255	1
12256	1
12257	1
12258	1
12259	1
12260	1
12261	1
12262	1
12263	1
12264	1
12265	1
12266	1
12267	1
12268	1
12269	1
12270	1
12271	1
12272	1
12273	1
12274	1
12275	1
12276	1
12277	1
12278	1
12279	1
12280	1
12281	1
12282	1
12283	1
12284	1
12285	1
12286	1
12287	1
12288	1
12289	1
12290	1
12291	1
12292	1
12293	1
12294	1
12295	1
12296	1
12297	1
12298	1
12299	1
12300	1
12301	1
12302	1
12303	1
12304	1
12305	1
12306	1
12307	1
12308	1
12309	1
12310	1
12311	1
12312	1
12313	1
12314	1
12315	1
12316	1
12317	1
12318	1
12319	1
12320	1
12321	1
12322	1
12323	1
12324	1
12325	1
12326	1
12327	1
12328	1
12329	1
12330	1
12331	1
12332	1
12333	1
12334	1
12335	1
12336	1
12337	1
12338	1
12339	1
12340	1
12341	1
12342	1
12343	1
12344	1
12345	1
12346	1
12347	1
12348	1
12349	1
12350	1
12351	1
12352	1
12353	1
12354	1
12355	1
12356	1
12357	1
12358	1
12359	1
12360	1
12361	1
12362	1
12363	1
12364	1
12365	1
12366	1
12367	1
12368	1
12369	1
12370	1
12371	1
12372	1
12373	1
12374	1
12375	1
12376	1
12377	1
12378	1
12379	1
12380	1
12381	1
12382	1
12383	1
12384	1
12385	1
12386	1
12387	1
12388	1
12389	1
12390	1
12391	1
12392	1
12393	1
12394	1
12395	1
12396	1
12397	1
12398	1
12399	1
12400	1
12401	1
12402	1
12403	1
12404	1
12405	1
12406	1
12407	1
12408	1
12409	1
12410	1
12411	1
12412	1
12413	1
12414	1
12415	1
12416	1
12417	1
12418	1
12419	1
12420	1
12421	1
12422	1
12423	1
12424	1
12425	1
12426	1
12427	1
12428	1
12429	1
12430	1
12431	1
12432	1
12433	1
12434	1
12435	1
12436	1
12437	1
12438	1
12439	1
12440	1
12441	1
12442	1
12443	1
12444	1
12445	1
12446	1
12447	1
12448	1
12449	1
12450	1
12451	1
12452	1
12453	1
12454	1
12455	1
12456	1
12457	1
12458	1
12459	1
12460	1
12461	1
12462	1
12463	1
12464	1
12465	1
12466	1
12467	1
12468	1
12469	1
12470	1
12471	1
12472	1
12473	1
12474	1
12475	1
12476	1
12477	1
12478	1
12479	1
12480	1
12481	1
12482	1
12483	1
12484	1
12485	1
12486	1
12487	1
12488	1
12489	1
12490	1
12491	1
12492	1
12493	1
12494	1
12495	1
12496	1
12497	1
12498	1
12499	1
12500	1
12501	1
12502	1
12503	1
12504	1
12505	1
12506	1
12507	1
12508	1
12509	1
12510	1
12511	1
12512	1
12513	1
12514	1
12515	1
12516	1
12517	1
12518	1
12519	1
12520	1
12521	1
12522	1
12523	1
12524	1
12525	1
12526	1
12527	1
12528	1
12529	1
12530	1
12531	1
12532	1
12533	1
12534	1
12535	1
12536	1
12537	1
12538	1
12539	1
12540	1
12541	1
12542	1
12543	1
12544	1
12545	1
12546	1
12547	1
12548	1
12549	1
12550	1
12551	1
12552	1
12553	1
12554	1
12555	1
12556	1
12557	1
12558	1
12559	1
12560	1
12561	1
12562	1
12563	1
12564	1
12565	1
12566	1
12567	1
12568	1
12569	1
12570	1
12571	1
12572	1
12573	1
12574	1
12575	1
12576	1
12577	1
12578	1
12579	1
12580	1
12581	1
12582	1
12583	1
12584	1
12585	1
12586	1
12587	1
12588	1
12589	1
12590	1
12591	1
12592	1
12593	1
12594	1
12595	1
12596	1
12597	1
12598	1
12599	1
12600	1
12601	1
12602	1
12603	1
12604	1
12605	1
12606	1
12607	1
12608	1
12609	1
12610	1
12611	1
12612	1
12613	1
12614	1
12615	1
12616	1
12617	1
12618	1
12619	1
12620	1
12621	1
12622	1
12623	1
12624	1
12625	1
12626	1
12627	1
12628	1
12629	1
12630	1
12631	1
12632	1
12633	1
12634	1
12635	1
12636	1
12637	1
12638	1
12639	1
12640	1
12641	1
12642	1
12643	1
12644	1
12645	1
12646	1
12647	1
12648	1
12649	1
12650	1
12651	1
12652	1
12653	1
12654	1
12655	1
12656	1
12657	1
12658	1
12659	1
12660	1
12661	1
12662	1
12663	1
12664	1
12665	1
12666	1
12667	1
12668	1
12669	1
12670	1
12671	1
12672	1
12673	1
12674	1
12675	1
12676	1
12677	1
12678	1
12679	1
12680	1
12681	1
12682	1
12683	1
12684	1
12685	1
12686	1
12687	1
12688	1
12689	1
12690	1
12691	1
12692	1
12693	1
12694	1
12695	1
12696	1
12697	1
12698	1
12699	1
12700	1
12701	1
12702	1
12703	1
12704	1
12705	1
12706	1
12707	1
12708	1
12709	1
12710	1
12711	1
12712	1
12713	1
12714	1
12715	1
12716	1
12717	1
12718	1
12719	1
12720	1
12721	1
12722	1
12723	1
12724	1
12725	1
12726	1
12727	1
12728	1
12729	1
12730	1
12731	1
12732	1
12733	1
12734	1
12735	1
12736	1
12737	1
12738	1
12739	1
12740	1
12741	1
12742	1
12743	1
12744	1
12745	1
12746	1
12747	1
12748	1
12749	1
12750	1
12751	1
12752	1
12753	1
12754	1
12755	1
12756	1
12757	1
12758	1
12759	1
12760	1
12761	1
12762	1
12763	1
12764	1
12765	1
12766	1
12767	1
12768	1
12769	1
12770	1
12771	1
12772	1
12773	1
12774	1
12775	1
12776	1
12777	1
12778	1
12779	1
12780	1
12781	1
12782	1
12783	1
12784	1
12785	1
12786	1
12787	1
12788	1
12789	1
12790	1
12791	1
12792	1
12793	1
12794	1
12795	1
12796	1
12797	1
12798	1
12799	1
12800	1
12801	1
12802	1
12803	1
12804	1
12805	1
12806	1
12807	1
12808	1
12809	1
12810	1
12811	1
12812	1
12813	1
12814	1
12815	1
12816	1
12817	1
12818	1
12819	1
12820	1
12821	1
12822	1
12823	1
12824	1
12825	1
12826	1
12827	1
12828	1
12829	1
12830	1
12831	1
12832	1
12833	1
12834	1
12835	1
12836	1
12837	1
12838	1
12839	1
12840	1
12841	1
12842	1
12843	1
12844	1
12845	1
12846	1
12847	1
12848	1
12849	1
12850	1
12851	1
12852	1
12853	1
12854	1
12855	1
12856	1
12857	1
12858	1
12859	1
12860	1
12861	1
12862	1
12863	1
12864	1
12865	1
12866	1
12867	1
12868	1
12869	1
12870	1
12871	1
12872	1
12873	1
12874	1
12875	1
12876	1
12877	1
12878	1
12879	1
12880	1
12881	1
12882	1
12883	1
12884	1
12885	1
12886	1
12887	1
12888	1
12889	1
12890	1
12891	1
12892	1
12893	1
12894	1
12895	1
12896	1
12897	1
12898	1
12899	1
12900	1
12901	1
12902	1
12903	1
12904	1
12905	1
12906	1
12907	1
12908	1
12909	1
12910	1
12911	1
12912	1
12913	1
12914	1
12915	1
12916	1
12917	1
12918	1
12919	1
12920	1
12921	1
12922	1
12923	1
12924	1
12925	1
12926	1
12927	1
12928	1
12929	1
12930	1
12931	1
12932	1
12933	1
12934	1
12935	1
12936	1
12937	1
12938	1
12939	1
12940	1
12941	1
12942	1
12943	1
12944	1
12945	1
12946	1
12947	1
12948	1
12949	1
12950	1
12951	1
12952	1
12953	1
12954	1
12955	1
12956	1
12957	1
12958	1
12959	1
12960	1
12961	1
12962	1
12963	1
12964	1
12965	1
12966	1
12967	1
12968	1
12969	1
12970	1
12971	1
12972	1
12973	1
12974	1
12975	1
12976	1
12977	1
12978	1
12979	1
12980	1
12981	1
12982	1
12983	1
12984	1
12985	1
12986	1
12987	1
12988	1
12989	1
12990	1
12991	1
12992	1
12993	1
12994	1
12995	1
12996	1
12997	1
12998	1
12999	1
13000	1
13001	1
13002	1
13003	1
13004	1
13005	1
13006	1
13007	1
13008	1
13009	1
13010	1
13011	1
13012	1
13013	1
13014	1
13015	1
13016	1
13017	1
13018	1
13019	1
13020	1
13021	1
13022	1
13023	1
13024	1
13025	1
13026	1
13027	1
13028	1
13029	1
13030	1
13031	1
13032	1
13033	1
13034	1
13035	1
13036	1
13037	1
13038	1
13039	1
13040	1
13041	1
13042	1
13043	1
13044	1
13045	1
13046	1
13047	1
13048	1
13049	1
13050	1
13051	1
13052	1
13053	1
13054	1
13055	1
13056	1
13057	1
13058	1
13059	1
13060	1
13061	1
13062	1
13063	1
13064	1
13065	1
13066	1
13067	1
13068	1
13069	1
13070	1
13071	1
13072	1
13073	1
13074	1
13075	1
13076	1
13077	1
13078	1
13079	1
13080	1
13081	1
13082	1
13083	1
13084	1
13085	1
13086	1
13087	1
13088	1
13089	1
13090	1
13091	1
13092	1
13093	1
13094	1
13095	1
13096	1
13097	1
13098	1
13099	1
13100	1
13101	1
13102	1
13103	1
13104	1
13105	1
13106	1
13107	1
13108	1
13109	1
13110	1
13111	1
13112	1
13113	1
13114	1
13115	1
13116	1
13117	1
13118	1
13119	1
13120	1
13121	1
13122	1
13123	1
13124	1
13125	1
13126	1
13127	1
13128	1
13129	1
13130	1
13131	1
13132	1
13133	1
13134	1
13135	1
13136	1
13137	1
13138	1
13139	1
13140	1
13141	1
13142	1
13143	1
13144	1
13145	1
13146	1
13147	1
13148	1
13149	1
13150	1
13151	1
13152	1
13153	1
13154	1
13155	1
13156	1
13157	1
13158	1
13159	1
13160	1
13161	1
13162	1
13163	1
13164	1
13165	1
13166	1
13167	1
13168	1
13169	1
13170	1
13171	1
13172	1
13173	1
13174	1
13175	1
13176	1
13177	1
13178	1
13179	1
13180	1
13181	1
13182	1
13183	1
13184	1
13185	1
13186	1
13187	1
13188	1
13189	1
13190	1
13191	1
13192	1
13193	1
13194	1
13195	1
13196	1
13197	1
13198	1
13199	1
13200	1
13201	1
13202	1
13203	1
13204	1
13205	1
13206	1
13207	1
13208	1
13209	1
13210	1
13211	1
13212	1
13213	1
13214	1
13215	1
13216	1
13217	1
13218	1
13219	1
13220	1
13221	1
13222	1
13223	1
13224	1
13225	1
13226	1
13227	1
13228	1
13229	1
13230	1
13231	1
13232	1
13233	1
13234	1
13235	1
13236	1
13237	1
13238	1
13239	1
13240	1
13241	1
13242	1
13243	1
13244	1
13245	1
13246	1
13247	1
13248	1
13249	1
13250	1
13251	1
13252	1
13253	1
13254	1
13255	1
13256	1
13257	1
13258	1
13259	1
13260	1
13261	1
13262	1
13263	1
13264	1
13265	1
13266	1
13267	1
13268	1
13269	1
13270	1
13271	1
13272	1
13273	1
13274	1
13275	1
13276	1
13277	1
13278	1
13279	1
13280	1
13281	1
13282	1
13283	1
13284	1
13285	1
13286	1
13287	1
13288	1
13289	1
13290	1
13291	1
13292	1
13293	1
13294	1
13295	1
13296	1
13297	1
13298	1
13299	1
13300	1
13301	1
13302	1
13303	1
13304	1
13305	1
13306	1
13307	1
13308	1
13309	1
13310	1
13311	1
13312	1
13313	1
13314	1
13315	1
13316	1
13317	1
13318	1
13319	1
13320	1
13321	1
13322	1
13323	1
13324	1
13325	1
13326	1
13327	1
13328	1
13329	1
13330	1
13331	1
13332	1
13333	1
13334	1
13335	1
13336	1
13337	1
13338	1
13339	1
13340	1
13341	1
13342	1
13343	1
13344	1
13345	1
13346	1
13347	1
13348	1
13349	1
13350	1
13351	1
13352	1
13353	1
13354	1
13355	1
13356	1
13357	1
13358	1
13359	1
13360	1
13361	1
13362	1
13363	1
13364	1
13365	1
13366	1
13367	1
13368	1
13369	1
13370	1
13371	1
13372	1
13373	1
13374	1
13375	1
13376	1
13377	1
13378	1
13379	1
13380	1
13381	1
13382	1
13383	1
13384	1
13385	1
13386	1
13387	1
13388	1
13389	1
13390	1
13391	1
13392	1
13393	1
13394	1
13395	1
13396	1
13397	1
13398	1
13399	1
13400	1
13401	1
13402	1
13403	1
13404	1
13405	1
13406	1
13407	1
13408	1
13409	1
13410	1
13411	1
13412	1
13413	1
13414	1
13415	1
13416	1
13417	1
13418	1
13419	1
13420	1
13421	1
13422	1
13423	1
13424	1
13425	1
13426	1
13427	1
13428	1
13429	1
13430	1
13431	1
13432	1
13433	1
13434	1
13435	1
13436	1
13437	1
13438	1
13439	1
13440	1
13441	1
13442	1
13443	1
13444	1
13445	1
13446	1
13447	1
13448	1
13449	1
13450	1
13451	1
13452	1
13453	1
13454	1
13455	1
13456	1
13457	1
13458	1
13459	1
13460	1
13461	1
13462	1
13463	1
13464	1
13465	1
13466	1
13467	1
13468	1
13469	1
13470	1
13471	1
13472	1
13473	1
13474	1
13475	1
13476	1
13477	1
13478	1
13479	1
13480	1
13481	1
13482	1
13483	1
13484	1
13485	1
13486	1
13487	1
13488	1
13489	1
13490	1
13491	1
13492	1
13493	1
13494	1
13495	1
13496	1
13497	1
13498	1
13499	1
13500	1
13501	1
13502	1
13503	1
13504	1
13505	1
13506	1
13507	1
13508	1
13509	1
13510	1
13511	1
13512	1
13513	1
13514	1
13515	1
13516	1
13517	1
13518	1
13519	1
13520	1
13521	1
13522	1
13523	1
13524	1
13525	1
13526	1
13527	1
13528	1
13529	1
13530	1
13531	1
13532	1
13533	1
13534	1
13535	1
13536	1
13537	1
13538	1
13539	1
13540	1
13541	1
13542	1
13543	1
13544	1
13545	1
13546	1
13547	1
13548	1
13549	1
13550	1
13551	1
13552	1
13553	1
13554	1
13555	1
13556	1
13557	1
13558	1
13559	1
13560	1
13561	1
13562	1
13563	1
13564	1
13565	1
13566	1
13567	1
13568	1
13569	1
13570	1
13571	1
13572	1
13573	1
13574	1
13575	1
13576	1
13577	1
13578	1
13579	1
13580	1
13581	1
13582	1
13583	1
13584	1
13585	1
13586	1
13587	1
13588	1
13589	1
13590	1
13591	1
13592	1
13593	1
13594	1
13595	1
13596	1
13597	1
13598	1
13599	1
13600	1
13601	1
13602	1
13603	1
13604	1
13605	1
13606	1
13607	1
13608	1
13609	1
13610	1
13611	1
13612	1
13613	1
13614	1
13615	1
13616	1
13617	1
13618	1
13619	1
13620	1
13621	1
13622	1
13623	1
13624	1
13625	1
13626	1
13627	1
13628	1
13629	1
13630	1
13631	1
13632	1
13633	1
13634	1
13635	1
13636	1
13637	1
13638	1
13639	1
13640	1
13641	1
13642	1
13643	1
13644	1
13645	1
13646	1
13647	1
13648	1
13649	1
13650	1
13651	1
13652	1
13653	1
13654	1
13655	1
13656	1
13657	1
13658	1
13659	1
13660	1
13661	1
13662	1
13663	1
13664	1
13665	1
13666	1
13667	1
13668	1
13669	1
13670	1
13671	1
13672	1
13673	1
13674	1
13675	1
13676	1
13677	1
13678	1
13679	1
13680	1
13681	1
13682	1
13683	1
13684	1
13685	1
13686	1
13687	1
13688	1
13689	1
13690	1
13691	1
13692	1
13693	1
13694	1
13695	1
13696	1
13697	1
13698	1
13699	1
13700	1
13701	1
13702	1
13703	1
13704	1
13705	1
13706	1
13707	1
13708	1
13709	1
13710	1
13711	1
13712	1
13713	1
13714	1
13715	1
13716	1
13717	1
13718	1
13719	1
13720	1
13721	1
13722	1
13723	1
13724	1
13725	1
13726	1
13727	1
13728	1
13729	1
13730	1
13731	1
13732	1
13733	1
13734	1
13735	1
13736	1
13737	1
13738	1
13739	1
13740	1
13741	1
13742	1
13743	1
13744	1
13745	1
13746	1
13747	1
13748	1
13749	1
13750	1
13751	1
13752	1
13753	1
13754	1
13755	1
13756	1
13757	1
13758	1
13759	1
13760	1
13761	1
13762	1
13763	1
13764	1
13765	1
13766	1
13767	1
13768	1
13769	1
13770	1
13771	1
13772	1
13773	1
13774	1
13775	1
13776	1
13777	1
13778	1
13779	1
13780	1
13781	1
13782	1
13783	1
13784	1
13785	1
13786	1
13787	1
13788	1
13789	1
13790	1
13791	1
13792	1
13793	1
13794	1
13795	1
13796	1
13797	1
13798	1
13799	1
13800	1
13801	1
13802	1
13803	1
13804	1
13805	1
13806	1
13807	1
13808	1
13809	1
13810	1
13811	1
13812	1
13813	1
13814	1
13815	1
13816	1
13817	1
13818	1
13819	1
13820	1
13821	1
13822	1
13823	1
13824	1
13825	1
13826	1
13827	1
13828	1
13829	1
13830	1
13831	1
13832	1
13833	1
13834	1
13835	1
13836	1
13837	1
13838	1
13839	1
13840	1
13841	1
13842	1
13843	1
13844	1
13845	1
13846	1
13847	1
13848	1
13849	1
13850	1
13851	1
13852	1
13853	1
13854	1
13855	1
13856	1
13857	1
13858	1
13859	1
13860	1
13861	1
13862	1
13863	1
13864	1
13865	1
13866	1
13867	1
13868	1
13869	1
13870	1
13871	1
13872	1
13873	1
13874	1
13875	1
13876	1
13877	1
13878	1
13879	1
13880	1
13881	1
13882	1
13883	1
13884	1
13885	1
13886	1
13887	1
13888	1
13889	1
13890	1
13891	1
13892	1
13893	1
13894	1
13895	1
13896	1
13897	1
13898	1
13899	1
13900	1
13901	1
13902	1
13903	1
13904	1
13905	1
13906	1
13907	1
13908	1
13909	1
13910	1
13911	1
13912	1
13913	1
13914	1
13915	1
13916	1
13917	1
13918	1
13919	1
13920	1
13921	1
13922	1
13923	1
13924	1
13925	1
13926	1
13927	1
13928	1
13929	1
13930	1
13931	1
13932	1
13933	1
13934	1
13935	1
13936	1
13937	1
13938	1
13939	1
13940	1
13941	1
13942	1
13943	1
13944	1
13945	1
13946	1
13947	1
13948	1
13949	1
13950	1
13951	1
13952	1
13953	1
13954	1
13955	1
13956	1
13957	1
13958	1
13959	1
13960	1
13961	1
13962	1
13963	1
13964	1
13965	1
13966	1
13967	1
13968	1
13969	1
13970	1
13971	1
13972	1
13973	1
13974	1
13975	1
13976	1
13977	1
13978	1
13979	1
13980	1
13981	1
13982	1
13983	1
13984	1
13985	1
13986	1
13987	1
13988	1
13989	1
13990	1
13991	1
13992	1
13993	1
13994	1
13995	1
13996	1
13997	1
13998	1
13999	1
14000	1
14001	1
14002	1
14003	1
14004	1
14005	1
14006	1
14007	1
14008	1
14009	1
14010	1
14011	1
14012	1
14013	1
14014	1
14015	1
14016	1
14017	1
14018	1
14019	1
14020	1
14021	1
14022	1
14023	1
14024	1
14025	1
14026	1
14027	1
14028	1
14029	1
14030	1
14031	1
14032	1
14033	1
14034	1
14035	1
14036	1
14037	1
14038	1
14039	1
14040	1
14041	1
14042	1
14043	1
14044	1
14045	1
14046	1
14047	1
14048	1
14049	1
14050	1
14051	1
14052	1
14053	1
14054	1
14055	1
14056	1
14057	1
14058	1
14059	1
14060	1
14061	1
14062	1
14063	1
14064	1
14065	1
14066	1
14067	1
14068	1
14069	1
14070	1
14071	1
14072	1
14073	1
14074	1
14075	1
14076	1
14077	1
14078	1
14079	1
14080	1
14081	1
14082	1
14083	1
14084	1
14085	1
14086	1
14087	1
14088	1
14089	1
14090	1
14091	1
14092	1
14093	1
14094	1
14095	1
14096	1
14097	1
14098	1
14099	1
14100	1
14101	1
14102	1
14103	1
14104	1
14105	1
14106	1
14107	1
14108	1
14109	1
14110	1
14111	1
14112	1
14113	1
14114	1
14115	1
14116	1
14117	1
14118	1
14119	1
14120	1
14121	1
14122	1
14123	1
14124	1
14125	1
14126	1
14127	1
14128	1
14129	1
14130	1
14131	1
14132	1
14133	1
14134	1
14135	1
14136	1
14137	1
14138	1
14139	1
14140	1
14141	1
14142	1
14143	1
14144	1
14145	1
14146	1
14147	1
14148	1
14149	1
14150	1
14151	1
14152	1
14153	1
14154	1
14155	1
14156	1
14157	1
14158	1
14159	1
14160	1
14161	1
14162	1
14163	1
14164	1
14165	1
14166	1
14167	1
14168	1
14169	1
14170	1
14171	1
14172	1
14173	1
14174	1
14175	1
14176	1
14177	1
14178	1
14179	1
14180	1
14181	1
14182	1
14183	1
14184	1
14185	1
14186	1
14187	1
14188	1
14189	1
14190	1
14191	1
14192	1
14193	1
14194	1
14195	1
14196	1
14197	1
14198	1
14199	1
14200	1
14201	1
14202	1
14203	1
14204	1
14205	1
14206	1
14207	1
14208	1
14209	1
14210	1
14211	1
14212	1
14213	1
14214	1
14215	1
14216	1
14217	1
14218	1
14219	1
14220	1
14221	1
14222	1
14223	1
14224	1
14225	1
14226	1
14227	1
14228	1
14229	1
14230	1
14231	1
14232	1
14233	1
14234	1
14235	1
14236	1
14237	1
14238	1
14239	1
14240	1
14241	1
14242	1
14243	1
14244	1
14245	1
14246	1
14247	1
14248	1
14249	1
14250	1
14251	1
14252	1
14253	1
14254	1
14255	1
14256	1
14257	1
14258	1
14259	1
14260	1
14261	1
14262	1
14263	1
14264	1
14265	1
14266	1
14267	1
14268	1
14269	1
14270	1
14271	1
14272	1
14273	1
14274	1
14275	1
14276	1
14277	1
14278	1
14279	1
14280	1
14281	1
14282	1
14283	1
14284	1
14285	1
14286	1
14287	1
14288	1
14289	1
14290	1
14291	1
14292	1
14293	1
14294	1
14295	1
14296	1
14297	1
14298	1
14299	1
14300	1
14301	1
14302	1
14303	1
14304	1
14305	1
14306	1
14307	1
14308	1
14309	1
14310	1
14311	1
14312	1
14313	1
14314	1
14315	1
14316	1
14317	1
14318	1
14319	1
14320	1
14321	1
14322	1
14323	1
14324	1
14325	1
14326	1
14327	1
14328	1
14329	1
14330	1
14331	1
14332	1
14333	1
14334	1
14335	1
14336	1
14337	1
14338	1
14339	1
14340	1
14341	1
14342	1
14343	1
14344	1
14345	1
14346	1
14347	1
14348	1
14349	1
14350	1
14351	1
14352	1
14353	1
14354	1
14355	1
14356	1
14357	1
14358	1
14359	1
14360	1
14361	1
14362	1
14363	1
14364	1
14365	1
14366	1
14367	1
14368	1
14369	1
14370	1
14371	1
14372	1
14373	1
14374	1
14375	1
14376	1
14377	1
14378	1
14379	1
14380	1
14381	1
14382	1
14383	1
14384	1
14385	1
14386	1
14387	1
14388	1
14389	1
14390	1
14391	1
14392	1
14393	1
14394	1
14395	1
14396	1
14397	1
14398	1
14399	1
14400	1
14401	1
14402	1
14403	1
14404	1
14405	1
14406	1
14407	1
14408	1
14409	1
14410	1
14411	1
14412	1
14413	1
14414	1
14415	1
14416	1
14417	1
14418	1
14419	1
14420	1
14421	1
14422	1
14423	1
14424	1
14425	1
14426	1
14427	1
14428	1
14429	1
14430	1
14431	1
14432	1
14433	1
14434	1
14435	1
14436	1
14437	1
14438	1
14439	1
14440	1
14441	1
14442	1
14443	1
14444	1
14445	1
14446	1
14447	1
14448	1
14449	1
14450	1
14451	1
14452	1
14453	1
14454	1
14455	1
14456	1
14457	1
14458	1
14459	1
14460	1
14461	1
14462	1
14463	1
14464	1
14465	1
14466	1
14467	1
14468	1
14469	1
14470	1
14471	1
14472	1
14473	1
14474	1
14475	1
14476	1
14477	1
14478	1
14479	1
14480	1
14481	1
14482	1
14483	1
14484	1
14485	1
14486	1
14487	1
14488	1
14489	1
14490	1
14491	1
14492	1
14493	1
14494	1
14495	1
14496	1
14497	1
14498	1
14499	1
14500	1
14501	1
14502	1
14503	1
14504	1
14505	1
14506	1
14507	1
14508	1
14509	1
14510	1
14511	1
14512	1
14513	1
14514	1
14515	1
14516	1
14517	1
14518	1
14519	1
14520	1
14521	1
14522	1
14523	1
14524	1
14525	1
14526	1
14527	1
14528	1
14529	1
14530	1
14531	1
14532	1
14533	1
14534	1
14535	1
14536	1
14537	1
14538	1
14539	1
14540	1
14541	1
14542	1
14543	1
14544	1
14545	1
14546	1
14547	1
14548	1
14549	1
14550	1
14551	1
14552	1
14553	1
14554	1
14555	1
14556	1
14557	1
14558	1
14559	1
14560	1
14561	1
14562	1
14563	1
14564	1
14565	1
14566	1
14567	1
14568	1
14569	1
14570	1
14571	1
14572	1
14573	1
14574	1
14575	1
14576	1
14577	1
14578	1
14579	1
14580	1
14581	1
14582	1
14583	1
14584	1
14585	1
14586	1
14587	1
14588	1
14589	1
14590	1
14591	1
14592	1
14593	1
14594	1
14595	1
14596	1
14597	1
14598	1
14599	1
14600	1
14601	1
14602	1
14603	1
14604	1
14605	1
14606	1
14607	1
14608	1
14609	1
14610	1
14611	1
14612	1
14613	1
14614	1
14615	1
14616	1
14617	1
14618	1
14619	1
14620	1
14621	1
14622	1
14623	1
14624	1
14625	1
14626	1
14627	1
14628	1
14629	1
14630	1
14631	1
14632	1
14633	1
14634	1
14635	1
14636	1
14637	1
14638	1
14639	1
14640	1
14641	1
14642	1
14643	1
14644	1
14645	1
14646	1
14647	1
14648	1
14649	1
14650	1
14651	1
14652	1
14653	1
14654	1
14655	1
14656	1
14657	1
14658	1
14659	1
14660	1
14661	1
14662	1
14663	1
14664	1
14665	1
14666	1
14667	1
14668	1
14669	1
14670	1
14671	1
14672	1
14673	1
14674	1
14675	1
14676	1
14677	1
14678	1
14679	1
14680	1
14681	1
14682	1
14683	1
14684	1
14685	1
14686	1
14687	1
14688	1
14689	1
14690	1
14691	1
14692	1
14693	1
14694	1
14695	1
14696	1
14697	1
14698	1
14699	1
14700	1
14701	1
14702	1
14703	1
14704	1
14705	1
14706	1
14707	1
14708	1
14709	1
14710	1
14711	1
14712	1
14713	1
14714	1
14715	1
14716	1
14717	1
14718	1
14719	1
14720	1
14721	1
14722	1
14723	1
14724	1
14725	1
14726	1
14727	1
14728	1
14729	1
14730	1
14731	1
14732	1
14733	1
14734	1
14735	1
14736	1
14737	1
14738	1
14739	1
14740	1
14741	1
14742	1
14743	1
14744	1
14745	1
14746	1
14747	1
14748	1
14749	1
14750	1
14751	1
14752	1
14753	1
14754	1
14755	1
14756	1
14757	1
14758	1
14759	1
14760	1
14761	1
14762	1
14763	1
14764	1
14765	1
14766	1
14767	1
14768	1
14769	1
14770	1
14771	1
14772	1
14773	1
14774	1
14775	1
14776	1
14777	1
14778	1
14779	1
14780	1
14781	1
14782	1
14783	1
14784	1
14785	1
14786	1
14787	1
14788	1
14789	1
14790	1
14791	1
14792	1
14793	1
14794	1
14795	1
14796	1
14797	1
14798	1
14799	1
14800	1
14801	1
14802	1
14803	1
14804	1
14805	1
14806	1
14807	1
14808	1
14809	1
14810	1
14811	1
14812	1
14813	1
14814	1
14815	1
14816	1
14817	1
14818	1
14819	1
14820	1
14821	1
14822	1
14823	1
14824	1
14825	1
14826	1
14827	1
14828	1
14829	1
14830	1
14831	1
14832	1
14833	1
14834	1
14835	1
14836	1
14837	1
14838	1
14839	1
14840	1
14841	1
14842	1
14843	1
14844	1
14845	1
14846	1
14847	1
14848	1
14849	1
14850	1
14851	1
14852	1
14853	1
14854	1
14855	1
14856	1
14857	1
14858	1
14859	1
14860	1
14861	1
14862	1
14863	1
14864	1
14865	1
14866	1
14867	1
14868	1
14869	1
14870	1
14871	1
14872	1
14873	1
14874	1
14875	1
14876	1
14877	1
14878	1
14879	1
14880	1
14881	1
14882	1
14883	1
14884	1
14885	1
14886	1
14887	1
14888	1
14889	1
14890	1
14891	1
14892	1
14893	1
14894	1
14895	1
14896	1
14897	1
14898	1
14899	1
14900	1
14901	1
14902	1
14903	1
14904	1
14905	1
14906	1
14907	1
14908	1
14909	1
14910	1
14911	1
14912	1
14913	1
14914	1
14915	1
14916	1
14917	1
14918	1
14919	1
14920	1
14921	1
14922	1
14923	1
14924	1
14925	1
14926	1
14927	1
14928	1
14929	1
14930	1
14931	1
14932	1
14933	1
14934	1
14935	1
14936	1
14937	1
14938	1
14939	1
14940	1
14941	1
14942	1
14943	1
14944	1
14945	1
14946	1
14947	1
14948	1
14949	1
14950	1
14951	1
14952	1
14953	1
14954	1
14955	1
14956	1
14957	1
14958	1
14959	1
14960	1
14961	1
14962	1
14963	1
14964	1
14965	1
14966	1
14967	1
14968	1
14969	1
14970	1
14971	1
14972	1
14973	1
14974	1
14975	1
14976	1
14977	1
14978	1
14979	1
14980	1
14981	1
14982	1
14983	1
14984	1
14985	1
14986	1
14987	1
14988	1
14989	1
14990	1
14991	1
14992	1
14993	1
14994	1
14995	1
14996	1
14997	1
14998	1
14999	1
15000	1
